-0.6905 -0.4242 -0.5859
-0.2896  0.5591  0.7769
 0.9205 -0.3892 -0.0342
 0.0279 -0.4067  0.9131
 0.7553  0.5475 -0.3604
-0.1966 -0.8559  0.4783
-0.8343 -0.2202  0.5054
-0.1654  0.8427  0.5123
 0.1413  0.0730 -0.9873
-0.7000  0.5992 -0.3884
-0.4828 -0.8343  0.2662
-0.8306 -0.3861 -0.4013
 0.4093 -0.2354 -0.8815
-0.5420  0.5514  0.6342
 0.7077  0.0394 -0.7054
 0.1402 -0.9869 -0.0801
-0.9145  0.3593  0.1860
 0.5758  0.6904 -0.4380
 0.0990 -0.5834  0.8061
 0.5638 -0.7184 -0.4075
-0.6106 -0.4155 -0.6742
-0.5424  0.0283  0.8396
 0.1864  0.5548 -0.8108
-0.1234 -0.3617 -0.9241
 0.3391  0.5521  0.7617
 0.8308  0.0290 -0.5559
-0.1440  0.5443 -0.8264
 0.1635 -0.4119  0.8965
-0.7282 -0.6436  0.2357
 0.1696 -0.8552 -0.4897
-0.9559  0.0548  0.2885
 0.5252  0.2878  0.8008
-0.5560 -0.1792  0.8116
-0.9867  0.1194  0.1104
-0.4161  0.9057  0.0809
-0.6840 -0.2641  0.6800
-0.4707  0.5961 -0.6504
-0.6896  0.2716  0.6714
-0.4234 -0.3687 -0.8275
 0.1341 -0.9095 -0.3935
 0.9389  0.3339  0.0836
-0.2039  0.2664  0.9421
 0.5803  0.7959  0.1724
-0.3084  0.9275 -0.2110
 0.3612 -0.8389 -0.4071
-0.6499  0.2107 -0.7302
 0.0688  0.9868 -0.1465
 0.2782 -0.4343  0.8567
-0.4858 -0.6531  0.5809
-0.2282  0.7754  0.5888
-0.6580 -0.6230 -0.4229
-0.8146  0.4806  0.3246
 0.8484  0.5204  0.0969
 0.6710 -0.7324 -0.1157
-0.0905 -0.8963  0.4341
 0.3210 -0.1752 -0.9307
-0.6213  0.3623  0.6948
-0.9635 -0.1654 -0.2107
 0.7762 -0.0401 -0.6292
 0.9110 -0.3778  0.1656
-0.7016  0.5151 -0.4924
 0.9248  0.3224  0.2018
 0.6593  0.7182 -0.2226
-0.5116 -0.6668 -0.5419
 0.4200 -0.6302  0.6530
 0.5397 -0.7827 -0.3101
-0.2166  0.8874  0.4069
 0.3714 -0.9227  0.1032
-0.7791  0.1059 -0.6179
 0.3277  0.4125 -0.8500
-0.0222  0.5165 -0.8560
 0.7975  0.5076  0.3261
 0.3164 -0.8447  0.4318
-0.1303  0.6388  0.7582
 0.3623  0.1558  0.9190
-0.4622 -0.8862  0.0325
-0.9410  0.3296  0.0770
 0.4188 -0.7767  0.4705
 0.5243  0.7021  0.4819
-0.1738  0.8617 -0.4768
 0.3177 -0.9263  0.2024
-0.7575 -0.3086 -0.5752
-0.8183  0.5418 -0.1922
-0.2971  0.7384 -0.6054
-0.8538  0.5203  0.0191
-0.9922 -0.1221  0.0232
-0.1070 -0.9329 -0.3438
 0.7097 -0.5509 -0.4392
-0.6644 -0.0024 -0.7473
-0.8908 -0.0157  0.4541
-0.2388 -0.7870 -0.5689
-0.1577 -0.9818 -0.1057
-0.7618 -0.4808 -0.4341
-0.5247 -0.3860  0.7587
 0.3489  0.9371  0.0109
-0.7616  0.4155 -0.4973
-0.2992 -0.8011  0.5183
 0.7836  0.5988  0.1652
 0.5375 -0.8216  0.1897
 0.0015 -0.2874  0.9578
-0.8908 -0.3845  0.2422
-0.9127 -0.0895 -0.3988
-0.3775  0.4911  0.7850
 0.9508 -0.0973  0.2940
 0.3127  0.7736  0.5512
-0.5313  0.6422  0.5525
-0.5367  0.3350  0.7745
 0.8117 -0.2600 -0.5231
 0.8923 -0.3759 -0.2499
 0.9959 -0.0728  0.0534
 0.7179  0.1581  0.6780
-0.9523  0.2661 -0.1495
 0.4722 -0.8753 -0.1043
 0.2406  0.0063 -0.9706
-0.1512 -0.6568 -0.7387
 0.7757  0.6268 -0.0735
-0.4275  0.4035 -0.8090
 0.9887  0.1323  0.0699
-0.9156  0.0825  0.3935
-0.9809  0.1794 -0.0747
 0.6182  0.5989 -0.5091
-0.1362 -0.9634 -0.2309
-0.2970 -0.8605  0.4139
 0.5893 -0.8029  0.0897
-0.8585  0.2062 -0.4696
 0.5727  0.6149  0.5421
 0.2069  0.7799 -0.5907
-0.6499 -0.1673  0.7414
-0.9718 -0.2351 -0.0194
 0.5228  0.7732 -0.3588
-0.8670 -0.3588  0.3459
-0.1955 -0.7156  0.6706
 0.6675  0.5605  0.4902
 0.6961 -0.1655  0.6986
 0.5623 -0.5321 -0.6330
 0.6213 -0.0047 -0.7836
-0.0859  0.2488  0.9648
 0.0096 -0.2101 -0.9776
 0.3917 -0.7705 -0.5029
 0.0773 -0.4971 -0.8642
-0.7155 -0.6986  0.0073
 0.6658 -0.6846  0.2968
-0.0137  0.6251  0.7804
 0.7436 -0.2573 -0.6172
 0.3679 -0.5600 -0.7423
 0.0384 -0.6928 -0.7201
 0.8558 -0.0695 -0.5126
 0.2174 -0.9290 -0.2996
-0.1740 -0.0725 -0.9821
-0.6816  0.3188 -0.6586
 0.7019 -0.6779 -0.2187
-0.6282  0.5168 -0.5816
-0.3329  0.7602  0.5580
 0.6928 -0.0729 -0.7174
 0.7443 -0.3541  0.5663
 0.5613 -0.0735  0.8243
 0.9497 -0.2772  0.1459
 0.4246 -0.1155 -0.8980
-0.8839  0.2867  0.3694
 0.1090 -0.0018  0.9940
 0.7861  0.4518 -0.4217
-0.2480  0.1812 -0.9517
-0.0877 -0.0685  0.9938
 0.4107  0.4692 -0.7818
-0.0859 -0.9421  0.3242
-0.6892 -0.0548  0.7225
-0.5467  0.5108 -0.6635
 0.4236 -0.7081  0.5649
 0.7638  0.2003 -0.6135
-0.9199  0.3752 -0.1139
 0.7320  0.3576  0.5800
 0.2762  0.9387 -0.2064
 0.3915  0.9011 -0.1863
-0.8983  0.2347 -0.3716
-0.3537  0.3908  0.8498
 0.6693  0.6241 -0.4033
-0.1432  0.9162 -0.3742
 0.5378  0.1773 -0.8242
 0.8565  0.2961  0.4228
-0.5455 -0.7935 -0.2698
-0.7234  0.0608  0.6877
-0.8826 -0.1265  0.4528
-0.5677  0.7356  0.3695
-0.9850 -0.1447 -0.0941
-0.0837  0.8310 -0.5499
 0.1441  0.2877 -0.9468
 0.3019  0.5166 -0.8012
-0.8126 -0.1313  0.5678
-0.1974 -0.7916  0.5783
 0.6485  0.7552  0.0953
-0.7364 -0.5659 -0.3709
-0.5106  0.2270  0.8293
-0.9083  0.3470 -0.2337
 0.2941  0.6449  0.7054
-0.9386 -0.2984  0.1729
 0.9564 -0.1882  0.2235
 0.0046 -0.7746 -0.6325
 0.9710  0.2386  0.0176
-0.1522  0.4568  0.8764
 0.9076  0.2005  0.3690
 0.1540  0.1824 -0.9711
 0.4237  0.8411  0.3363
 0.6999  0.0389  0.7131
 0.1236 -0.9352  0.3319
 0.7047  0.4620  0.5385
-0.6253  0.6841 -0.3754
 0.2729  0.6129 -0.7415
-0.4215 -0.6736 -0.6071
 0.3420 -0.6559 -0.6729
 0.9955 -0.0701 -0.0640
-0.6715  0.7242  0.1566
-0.9564 -0.0734 -0.2828
-0.0434 -0.6302 -0.7752
-0.9723 -0.2117  0.0995
-0.4245 -0.8809 -0.2095
-0.9698  0.1518 -0.1909
-0.7900  0.5651  0.2379
 0.1098  0.9931 -0.0403
 0.2954 -0.9340 -0.2010
 0.5833  0.3607  0.7278
 0.5229  0.6589 -0.5408
 0.9169 -0.1744 -0.3591
-0.8904 -0.2295  0.3931
 0.6398 -0.5440 -0.5429
-0.8463  0.1018 -0.5229
-0.8789 -0.3780 -0.2909
 0.4948 -0.7100 -0.5011
 0.9810 -0.0624 -0.1836
-0.8277 -0.2971 -0.4761
 0.2192 -0.8432  0.4908
-0.3206 -0.0131  0.9471
-0.8769  0.3403 -0.3395
-0.5446  0.4479  0.7090
 0.5520  0.1647  0.8175
 0.2670  0.9587  0.0975
-0.2950 -0.1146 -0.9486
 0.4921 -0.4567  0.7411
 0.7210 -0.4614 -0.5170
 0.0868 -0.8197 -0.5661
-0.3971  0.3021 -0.8666
 0.0124 -0.8057  0.5922
-0.1244 -0.2629  0.9568
 0.8182 -0.0414  0.5734
-0.3327 -0.6404 -0.6923
 0.8704  0.4139  0.2666
-0.4600  0.5282  0.7137
-0.2746 -0.5523  0.7871
-0.6055 -0.5997 -0.5232
-0.7389 -0.5191  0.4296
 0.8063  0.2736  0.5244
 0.6163  0.2309 -0.7529
-0.9342  0.2400 -0.2638
-0.5764 -0.7089  0.4065
-0.3207 -0.2211 -0.9210
 0.4863  0.8600  0.1545
 0.2443 -0.9613  0.1272
-0.3698  0.8271 -0.4232
 0.7452  0.2466  0.6196
-0.2979 -0.7297  0.6155
 0.5896 -0.4582  0.6652
-0.3846  0.7557 -0.5301
 0.9329 -0.0052  0.3601
-0.5204 -0.3981 -0.7554
-0.9055 -0.4059  0.1241
 0.5519  0.4700  0.6889
-0.5790  0.1383  0.8036
 0.1982 -0.5159  0.8334
 0.8043 -0.3618 -0.4714
-0.1443  0.9858 -0.0863
 0.6673 -0.3386 -0.6634
 0.1803  0.9674  0.1778
-0.1697  0.2753 -0.9463
 0.8929  0.4247  0.1499
-0.4661  0.7631 -0.4477
-0.7631  0.2872  0.5789
-0.4354  0.0099  0.9002
 0.0936  0.7987 -0.5944
-0.0575  0.8917 -0.4490
 0.4490  0.1200 -0.8854
-0.6813 -0.3213 -0.6578
 0.9106  0.2530 -0.3269
-0.3216  0.6927  0.6455
 0.8958  0.3565 -0.2653
 0.6482  0.5010 -0.5734
 0.9024  0.1468 -0.4052
 0.9244 -0.3538 -0.1425
-0.7973  0.0776  0.5986
-0.1998  0.7131 -0.6720
 0.9745  0.1451 -0.1712
 0.5093 -0.5467  0.6647
 0.1729 -0.5581 -0.8116
 0.3069 -0.9516  0.0151
 0.9448 -0.2603 -0.1989
 0.5077 -0.7680  0.3904
 0.6342 -0.7730 -0.0121
-0.2233 -0.2938 -0.9294
-0.0836 -0.1404 -0.9866
 0.7743  0.0900 -0.6263
 0.2253  0.2962  0.9282
 0.1121 -0.3200  0.9408
-0.8846 -0.4542 -0.1059
 0.1213 -0.7446 -0.6564
-0.8557 -0.4695 -0.2178
 0.5161  0.0321  0.8559
 0.2284 -0.8976  0.3771
 0.0950  0.4946 -0.8639
 0.7125  0.6368 -0.2946
-0.4775  0.8600  0.1797
 0.5321 -0.0614 -0.8444
 0.4551 -0.0657  0.8880
 0.5227 -0.6234 -0.5816
 0.4924 -0.2936 -0.8194
 0.9385  0.3433 -0.0357
-0.4881 -0.7868  0.3776
 0.8322  0.4571 -0.3140
 0.8659 -0.2846 -0.4112
 0.5169 -0.6291  0.5806
 0.2571  0.8384  0.4807
 0.5283  0.2975 -0.7952
 0.8675  0.4538 -0.2037
 0.4220  0.7095 -0.5643
-0.4000  0.7878  0.4684
-0.6986  0.3803  0.6061
 0.7064  0.5302 -0.4689
-0.7951 -0.4226  0.4350
-0.9567 -0.2571 -0.1365
-0.4022  0.2053  0.8922
 0.1470  0.9868  0.0686
-0.9113  0.4116 -0.0030
-0.4747 -0.0196 -0.8800
-0.6399 -0.4665  0.6107
 0.6068  0.0358  0.7940
 0.1921  0.4051  0.8939
 0.0897 -0.3914 -0.9159
-0.2910 -0.6466  0.7051
 0.6036  0.3484 -0.7171
 0.0678  0.1140  0.9912
 0.0060  0.9357  0.3528
-0.2746 -0.1267  0.9532
 0.0147 -0.8706  0.4917
-0.4204  0.8777 -0.2300
-0.3346 -0.3264 -0.8840
-0.5221  0.8499  0.0709
 0.5640  0.7871 -0.2499
 0.3352 -0.0556 -0.9405
-0.8178 -0.5558 -0.1494
 0.0078  0.4152 -0.9097
-0.3937 -0.2934  0.8712
-0.0790  0.6917 -0.7178
 0.9888  0.1403 -0.0515
 0.3831  0.5715 -0.7257
-0.8174  0.1904  0.5437
-0.3905 -0.6546  0.6473
-0.6562 -0.6817  0.3237
 0.2343  0.9214 -0.3099
-0.1732  0.0592 -0.9831
-0.6135 -0.5113 -0.6018
 0.8416 -0.4788 -0.2499
 0.0167 -0.9225  0.3856
 0.1439  0.2071  0.9677
 0.2979  0.9314  0.2093
 0.3712  0.7928 -0.4835
-0.1062 -0.2537 -0.9614
 0.6350 -0.7078 -0.3096
 0.0666 -0.9805 -0.1849
-0.2459  0.0737  0.9665
-0.2827 -0.9407  0.1873
 0.8588 -0.4798  0.1796
 0.1222 -0.8897  0.4398
-0.9770  0.2096  0.0400
-0.9705  0.0396 -0.2378
-0.0666 -0.9938  0.0887
 0.3074  0.8647 -0.3972
 0.1221  0.7537  0.6458
 0.4764  0.7469 -0.4638
 0.4327  0.3589 -0.8270
 0.6207  0.7106 -0.3314
-0.1764 -0.9743  0.1399
-0.7080  0.7047  0.0457
-0.5216 -0.5870 -0.6192
-0.6072  0.2488  0.7545
-0.9281 -0.2738 -0.2525
 0.7950 -0.5768  0.1879
 0.4272  0.9010 -0.0756
-0.2619 -0.0057 -0.9651
-0.4437 -0.8919 -0.0877
 0.6661  0.6697  0.3284
 0.3157 -0.2459  0.9164
 0.0658  0.5901 -0.8047
 0.7442 -0.5993  0.2951
-0.5024 -0.2930 -0.8135
 0.7198 -0.6670  0.1923
-0.0034  0.3390  0.9408
 0.4657 -0.3610  0.8080
 0.5843 -0.3340 -0.7396
 0.8148  0.2430 -0.5264
-0.5956 -0.2784  0.7535
 0.1053  0.6068  0.7878
-0.5413  0.7607 -0.3583
-0.6923  0.4200 -0.5868
-0.7861  0.6173  0.0324
 0.4879 -0.4009 -0.7754
 0.1193  0.9207  0.3716
-0.8697  0.4854 -0.0897
 0.6838 -0.7242  0.0890
 0.1176 -0.6768  0.7268
-0.2253  0.9743  0.0004
-0.8786  0.1906  0.4380
-0.9960  0.0893 -0.0032
 0.0244  0.9988  0.0430
 0.6277  0.7781 -0.0236
-0.3948 -0.8170 -0.4202
-0.6199  0.7825  0.0583
 0.9640  0.2459 -0.1012
 0.1214  0.3930 -0.9115
-0.1889 -0.3609  0.9133
 0.5824  0.4614 -0.6693
 0.9358  0.0452 -0.3496
 0.1410  0.8697  0.4731
 0.8472  0.5306 -0.0254
 0.9456  0.1485 -0.2896
 0.4490 -0.5975 -0.6644
 0.6530 -0.6397 -0.4054
 0.9062 -0.1188  0.4059
 0.0132 -0.6411  0.7673
-0.0493  0.1030 -0.9935
 0.4866  0.5207 -0.7015
-0.6143  0.4169 -0.6699
 0.6777 -0.4533  0.5791
-0.5958  0.3134 -0.7394
 0.7380 -0.1501 -0.6579
-0.9278  0.1771  0.3284
-0.0602  0.9837 -0.1697
 0.2596 -0.6120 -0.7471
-0.1029  0.9566 -0.2726
-0.9360 -0.3464 -0.0628
-0.9835  0.0268  0.1789
-0.8123 -0.2038 -0.5464
-0.7815 -0.5670 -0.2602
-0.2872  0.8161 -0.5015
-0.6316 -0.7750 -0.0212
 0.2139  0.4568 -0.8635
 0.0035  0.7628 -0.6466
-0.5551  0.6054 -0.5704
 0.4096 -0.5435  0.7327
 0.2221 -0.7760  0.5904
 0.3512  0.8890 -0.2937
-0.3627 -0.7672 -0.5290
 0.1935 -0.9810  0.0155
 0.3163  0.7499 -0.5810
 0.4462  0.2408 -0.8619
-0.4301  0.7067  0.5618
 0.9699  0.0115  0.2432
-0.3435 -0.9296 -0.1337
-0.1378  0.9666  0.2163
-0.1719 -0.9849  0.0211
 0.9638  0.2283  0.1374
-0.0325 -0.5328 -0.8456
 0.3054 -0.5340  0.7884
-0.6147  0.0998 -0.7824
 0.3517  0.0605 -0.9341
-0.4747 -0.8672  0.1506
 0.4504  0.5122  0.7313
 0.8998  0.4352  0.0298
 0.4800 -0.8713  0.1025
 0.3574  0.8277  0.4327
-0.7750 -0.3406  0.5323
 0.0329 -0.0917  0.9952
-0.2463  0.6462  0.7223
 0.7811 -0.5820 -0.2260
 0.1821 -0.9643 -0.1923
-0.3637  0.0972  0.9264
-0.9194 -0.2697  0.2864
 0.1322 -0.9673  0.2166
-0.5735 -0.7634  0.2972
-0.5076 -0.1287 -0.8519
 0.0140 -0.7295  0.6838
 0.0356  0.3014 -0.9528
 0.9813 -0.0831  0.1737
 0.3367  0.2691  0.9024
 0.0248  0.8899  0.4555
-0.0464  0.8438  0.5346
-0.6879 -0.5216 -0.5047
-0.7012 -0.3607  0.6150
-0.5595  0.8279 -0.0396
 0.8967  0.3101  0.3159
 0.1252  0.7265 -0.6756
 0.4161  0.3443  0.8416
 0.5931 -0.6336 -0.4967
 0.3633 -0.9267 -0.0962
 0.0354  0.6792 -0.7331
-0.8075  0.5845 -0.0796
-0.6521 -0.7282  0.2107
 0.3177 -0.6252  0.7128
 0.7135  0.7007 -0.0024
-0.4739  0.6853 -0.5530
 0.3136 -0.7435 -0.5907
 0.8893  0.0402 -0.4555
 0.5781 -0.7612  0.2938
 0.7847 -0.5219 -0.3345
 0.8680 -0.4957 -0.0275
-0.2683  0.9576 -0.1053
 0.8052  0.3510 -0.4780
-0.9847 -0.0523 -0.1663
 0.3222  0.8904  0.3215
-0.9334 -0.0411  0.3565
-0.0737  0.5437  0.8360
 0.2333 -0.7047 -0.6700
 0.2326  0.9725 -0.0135
 0.4657 -0.7851 -0.4083
 0.7442 -0.0587  0.6654
-0.9638  0.1494  0.2210
 0.3223 -0.7816  0.5340
 0.9835 -0.1806 -0.0091
-0.0730 -0.8918 -0.4464
-0.3166 -0.7194 -0.6183
 0.3957 -0.3526 -0.8480
-0.4548  0.5007 -0.7365
-0.3040 -0.3558  0.8837
-0.0448 -0.1791  0.9828
-0.0169  0.9978 -0.0647
-0.3093  0.0911 -0.9466
 0.2444  0.7288  0.6396
-0.0226 -0.4305 -0.9023
-0.0229  0.9701  0.2416
-0.3853 -0.8938  0.2295
-0.6001  0.6557  0.4581
 0.0778  0.4268  0.9010
-0.4646  0.2003 -0.8626
-0.3667  0.6042  0.7074
 0.3557  0.1809 -0.9169
 0.0303  0.2292  0.9729
-0.3902 -0.1000  0.9153
 0.7553 -0.5238  0.3938
-0.0926 -0.7685  0.6331
-0.8385 -0.3159  0.4439
-0.4200  0.0904 -0.9030
 0.3330 -0.8906  0.3099
 0.6086  0.7477  0.2655
-0.1103  0.7852  0.6093
-0.6457 -0.7283 -0.2297
-0.2141 -0.7134 -0.6673
-0.0373  0.4437  0.8954
-0.9357  0.0181 -0.3522
-0.0749 -0.0134 -0.9971
-0.4062 -0.1287 -0.9047
 0.9923  0.0384 -0.1173
-0.8856  0.0052 -0.4644
 0.8249 -0.5507 -0.1275
 0.3248 -0.7081  0.6269
 0.4687  0.6644  0.5821
 0.8827 -0.0266  0.4692
-0.4473  0.6275  0.6373
 0.2281 -0.1125 -0.9671
 0.7388 -0.3612 -0.5690
 0.0462  0.1699 -0.9844
 0.6198  0.2410  0.7469
-0.2006  0.7946 -0.5730
-0.7485  0.1765  0.6392
-0.7544  0.6406  0.1434
-0.4653  0.8010  0.3766
-0.4747 -0.5709  0.6699
 0.0773 -0.2037  0.9760
 0.1498 -0.6563 -0.7394
-0.0957  0.8954  0.4349
-0.1580 -0.8450 -0.5109
 0.5383 -0.2694  0.7985
-0.6606  0.6599  0.3580
-0.9546  0.2959 -0.0338
 0.8397 -0.5372  0.0797
-0.0480  0.1374  0.9894
 0.6894  0.6933  0.2098
 0.4220 -0.8818  0.2106
 0.9007 -0.4289  0.0692
 0.8149 -0.3398  0.4695
 0.5166 -0.7030  0.4887
-0.0196 -0.9634 -0.2675
-0.2857  0.2906 -0.9132
 0.8561  0.3572 -0.3735
 0.9994  0.0339  0.0016
-0.2407 -0.2569  0.9360
-0.7525  0.6333 -0.1808
-0.3493  0.4905 -0.7984
-0.3226  0.2885  0.9015
 0.2225 -0.6981  0.6806
-0.0899 -0.6877  0.7204
 0.0218  0.8487 -0.5285
-0.4609 -0.7444 -0.4832
 0.0611  0.9862  0.1536
 0.6373 -0.2696  0.7219
 0.6466  0.4165  0.6391
-0.7973 -0.5838  0.1530
-0.8556 -0.5112  0.0819
-0.1876 -0.6287  0.7547
 0.8914  0.4442 -0.0899
 0.7924  0.6087  0.0403
-0.3964 -0.7994  0.4515
-0.0797  0.3454 -0.9351
-0.1833  0.5548  0.8116
-0.2600  0.8788 -0.4001
 0.5310  0.8456 -0.0537
-0.7719 -0.6311 -0.0764
-0.3021  0.9490  0.0905
-0.2408 -0.5074 -0.8274
-0.1872  0.9636 -0.1911
 0.3794  0.4512  0.8078
-0.4352  0.3110  0.8449
 0.7487  0.6366 -0.1849
 0.5640  0.7390  0.3684
-0.9017 -0.4322  0.0085
-0.3444  0.8541  0.3897
-0.8199  0.4078 -0.4017
-0.7266 -0.6761  0.1223
 0.0927  0.9601  0.2640
 0.6538 -0.4451 -0.6119
 0.1524 -0.1169  0.9814
 0.8075 -0.1509 -0.5703
-0.9422  0.1320 -0.3078
 0.2234  0.5828  0.7813
-0.7588  0.3192 -0.5677
-0.4218 -0.3879  0.8195
-0.2022 -0.1853 -0.9616
 0.1866 -0.4549 -0.8708
 0.2675  0.4836  0.8334
-0.4497 -0.4815  0.7523
-0.5613  0.2054 -0.8017
-0.9978 -0.0031  0.0669
 0.9785 -0.1800  0.1007
-0.9858 -0.0960  0.1377
 0.0499 -0.9981  0.0349
-0.1347 -0.4657 -0.8746
-0.3168  0.9015  0.2949
-0.2472 -0.6071 -0.7552
 0.8011  0.1574  0.5775
-0.6573 -0.5462  0.5193
 0.3560 -0.3493  0.8667
 0.0379  0.0332 -0.9987
 0.5077 -0.1731 -0.8440
-0.1057  0.7651 -0.6351
 0.1825  0.0903  0.9791
-0.8341  0.4623 -0.3009
-0.2369  0.3688  0.8988
-0.4317 -0.5794 -0.6913
-0.0806 -0.9745  0.2093
 0.6846 -0.5370  0.4929
-0.6699  0.1571  0.7256
 0.1878  0.8026  0.5662
 0.9772 -0.1682 -0.1296
-0.5293  0.8026  0.2750
 0.3877 -0.4491  0.8050
 0.7276  0.6774  0.1083
-0.4572  0.8889 -0.0271
-0.2641  0.5673 -0.7800
 0.2138 -0.2302 -0.9493
 0.7961  0.5505 -0.2512
 0.0393  0.5291  0.8476
-0.4290 -0.2363 -0.8719
 0.2669 -0.1440  0.9529
 0.5992 -0.6951  0.3971
 0.5683 -0.3659  0.7370
 0.5101 -0.8344 -0.2087
-0.3419  0.8844 -0.3177
-0.9030  0.1132 -0.4145
 0.6421  0.1335  0.7549
-0.1127  0.4486 -0.8866
-0.6161 -0.1077 -0.7803
-0.2427 -0.9525 -0.1838
-0.7695  0.5676 -0.2926
-0.0084 -0.3230 -0.9464
 0.4085 -0.8353  0.3680
-0.3456  0.9383 -0.0153
 0.4575  0.6193 -0.6381
-0.5673 -0.8030  0.1829
-0.8855 -0.2857 -0.3663
-0.1004  0.9947  0.0199
-0.3426 -0.4645  0.8166
-0.8767  0.3794  0.2958
-0.6057 -0.7832 -0.1406
 0.0652  0.9004 -0.4302
 0.0644 -0.5975 -0.7992
 0.2263 -0.9374  0.2647
 0.9179 -0.2099  0.3367
 0.8018 -0.2485  0.5435
-0.8576  0.4668  0.2159
 0.7760  0.0564  0.6282
-0.6570 -0.2129 -0.7232
 0.0051  0.7745  0.6325
-0.6985  0.4801  0.5307
-0.6956 -0.6506 -0.3047
 0.4994 -0.1698  0.8496
-0.5005 -0.0812  0.8619
 0.2506 -0.8809 -0.4015
-0.2219 -0.9265 -0.3038
-0.7310 -0.5884  0.3458
-0.8270  0.5473  0.1287
-0.2827 -0.8351 -0.4719
-0.7685  0.3888  0.5083
 0.3067 -0.2931 -0.9056
-0.8434 -0.5361 -0.0344
-0.7933 -0.5479  0.2655
 0.6686 -0.2238 -0.7092
 0.9598 -0.2719 -0.0698
-0.8733  0.4445 -0.1995
 0.1567  0.6450 -0.7480
-0.0637  0.7112  0.7001
 0.5994  0.7885 -0.1381
 0.8672  0.2505 -0.4304
-0.7294  0.2145 -0.6496
 0.7494  0.6036  0.2721
-0.5999 -0.0688  0.7971
 0.4770 -0.5032 -0.7206
-0.6142  0.7433 -0.2651
-0.2900  0.6527 -0.6999
 0.4197 -0.6896 -0.5902
-0.3855  0.9146 -0.1220
-0.8364 -0.0247  0.5476
 0.8273  0.5441 -0.1399
 0.2389  0.3518 -0.9051
 0.6973  0.1583 -0.6991
 0.1751  0.6730  0.7186
 0.1318 -0.0458 -0.9902
 0.9029  0.0879  0.4209
-0.8899  0.4435  0.1061
-0.2603 -0.9639 -0.0566
-0.5228  0.8158 -0.2474
-0.5166 -0.8385 -0.1731
-0.5791  0.7977  0.1680
 0.3627  0.6965  0.6191
-0.0808 -0.5946  0.7999
-0.5208  0.0938 -0.8485
-0.6080 -0.7172 -0.3405
-0.9451 -0.3222  0.0539
-0.7645 -0.3986 -0.5066
 0.9101 -0.0675 -0.4089
 0.0541  0.6943  0.7177
-0.7424  0.5744  0.3447
 0.6093 -0.7644 -0.2107
 0.9921  0.0251  0.1231
-0.7128  0.6543  0.2525
 0.8494 -0.3930 -0.3523
-0.3429 -0.5424 -0.7670
 0.6138  0.5196  0.5944
-0.1261  0.0477  0.9909
 0.1532  0.9615 -0.2282
-0.1871 -0.9478  0.2582
 0.2406 -0.3311  0.9124
-0.8289  0.2921  0.4772
 0.9543 -0.1618 -0.2511
-0.2113  0.9286  0.3052
-0.2347  0.4755 -0.8478
 0.7207 -0.6149 -0.3201
 0.8686 -0.1764 -0.4630
-0.2864  0.1827  0.9405
 0.3880 -0.4598 -0.7988
 0.9425  0.2155  0.2555
-0.4238  0.8590  0.2872
-0.7354 -0.1510  0.6606
-0.7614  0.4850  0.4301
 0.5573  0.8282  0.0595
 0.3376 -0.0543  0.9397
-0.1272 -0.7823 -0.6098
-0.8279  0.3127 -0.4655
 0.7470  0.3225 -0.5814
 0.7575  0.4863  0.4355
 0.2943  0.0640  0.9536
 0.4872  0.4056  0.7734
-0.5254 -0.4975 -0.6903
 0.8606  0.1814  0.4760
 0.1119  0.3195  0.9410
 0.8127 -0.5060  0.2889
-0.6963  0.6606 -0.2806
-0.2558  0.9466  0.1960
-0.4759  0.1190  0.8714
-0.7376 -0.2117 -0.6412
 0.4704  0.7797  0.4133
 0.8338  0.4051  0.3750
 0.1095  0.9374 -0.3306
 0.4029  0.0367  0.9145
-0.4993 -0.2873  0.8174
-0.8549 -0.0998 -0.5092
 0.2414  0.7007 -0.6713
-0.7220 -0.4476  0.5276
-0.5976 -0.3118 -0.7387
-0.6462 -0.7571  0.0955
-0.2032 -0.0387  0.9784
-0.1199  0.3552  0.9271
 0.1456  0.8510 -0.5045
 0.1049 -0.2803 -0.9542
 0.7547 -0.6450 -0.1202
 0.7546 -0.4421  0.4849
 0.1905  0.8923 -0.4094
-0.0516  0.6085 -0.7919
 0.1536  0.5092  0.8468
 0.2251 -0.0274  0.9740
 0.2342  0.8911  0.3887
-0.1929 -0.9083  0.3712
-0.0504  0.2329 -0.9712
-0.3873  0.6722 -0.6310
 0.8451  0.1371 -0.5168
-0.6197  0.5652  0.5446
 0.0881 -0.4888  0.8679
 0.6242  0.1101 -0.7735
-0.0139 -0.5233  0.8520
 0.4181  0.8246 -0.3812
 0.4988  0.8508 -0.1655
 0.9513 -0.3056  0.0411
-0.1413 -0.5653 -0.8127
 0.6143 -0.1244 -0.7792
 0.0224 -0.9618  0.2727
-0.6856  0.5744  0.4474
-0.7481 -0.0011 -0.6636
 0.5115  0.4127 -0.7537
-0.1976 -0.8897 -0.4115
-0.3620 -0.9322 -0.0092
-0.6176 -0.3762  0.6907
-0.3755  0.5818 -0.7215
-0.9586  0.2414  0.1509
-0.1045  0.9377  0.3314
 0.4243 -0.9055  0.0006
 0.5738 -0.4356 -0.6935
-0.9275 -0.1814 -0.3269
 0.9182 -0.2988  0.2600
 0.4376 -0.8446 -0.3085
 0.7313  0.4303 -0.5292
 0.4608  0.8438 -0.2750
-0.4344 -0.4760 -0.7647
 0.2032 -0.7867 -0.5829
-0.5702 -0.0128 -0.8214
-0.5267  0.4099 -0.7447
-0.1825  0.7173  0.6725
 0.1188 -0.7589  0.6403
-0.6386  0.0437  0.7683
 0.3050  0.3783  0.8740
-0.3392 -0.2107  0.9168
 0.9742  0.1207  0.1908
-0.9909  0.0621 -0.1195
 0.9517 -0.0594 -0.3012
 0.5747 -0.8113 -0.1076
 0.0473 -0.8790 -0.4744
-0.4534 -0.1890  0.8710
-0.9984 -0.0296 -0.0485
 0.7783 -0.1545  0.6085
 0.5139  0.5710  0.6402
-0.6573 -0.6196  0.4291
 0.6876  0.2773 -0.6711
 0.2109 -0.6105  0.7634
-0.7990  0.2137 -0.5621
 0.8478  0.0662  0.5262
-0.3603  0.1964 -0.9119
 0.5118  0.8143  0.2738
 0.1171 -0.8301  0.5451
-0.2918 -0.9071  0.3032
 0.2809 -0.5116 -0.8120
-0.3698  0.9099  0.1878
-0.2272  0.9281 -0.2951
 0.4804 -0.8287  0.2871
-0.2357 -0.4003 -0.8856
-0.7350  0.6747 -0.0670
 0.5315 -0.8471 -0.0028
-0.6762  0.7174 -0.1672
-0.3286 -0.9086 -0.2580
-0.0522 -0.9867 -0.1540
-0.5492 -0.4786  0.6851
-0.7681 -0.0382  0.6392
 0.6052 -0.6239  0.4945
 0.6037 -0.1726  0.7783
 0.6208  0.6529  0.4339
 0.1916 -0.2327  0.9535
 0.7252 -0.2614  0.6370
 0.4072  0.8835  0.2316
 0.2835 -0.8188 -0.4991
 0.0146 -0.9277 -0.3731
 0.8022 -0.5968 -0.0187
-0.7846 -0.1063 -0.6109
 0.9436  0.2504 -0.2168
-0.3187  0.3933 -0.8624
 0.5373  0.0576 -0.8414
 0.6694  0.3949 -0.6293
 0.2940 -0.4067 -0.8650
 0.9453  0.1058  0.3085
-0.0400 -0.8368 -0.5461
-0.1679 -0.5325  0.8296
-0.5055 -0.7760 -0.3773
 0.6819 -0.6136  0.3982
-0.7019  0.1054 -0.7045
 0.6718  0.3041  0.6754
 0.3302 -0.8930 -0.3060
 0.8660 -0.2303  0.4438
 0.2543 -0.9627 -0.0920
-0.0923 -0.8384  0.5371
 0.7163  0.5819  0.3851
 0.0259 -0.9873  0.1567
-0.3927 -0.8532  0.3432
 0.2086  0.9355  0.2853
-0.8765 -0.1942 -0.4405
 0.7671 -0.6357  0.0868
 0.4090  0.6091  0.6795
 0.3479  0.3003 -0.8881
-0.2363 -0.4496  0.8614
 0.2564  0.2393 -0.9365
-0.9137 -0.3654 -0.1779
-0.0751 -0.3647  0.9281
 0.2556  0.1213 -0.9591
-0.9273  0.2698  0.2595
-0.6918 -0.7137 -0.1099
-0.1669 -0.1576  0.9733
-0.1022 -0.4591  0.8825
 0.7886  0.3835  0.4806
-0.5753 -0.6410  0.5081
-0.7638 -0.2449  0.5972
 0.6908  0.7141 -0.1129
 0.4302 -0.2612  0.8641
 0.8730 -0.3208  0.3674
-0.5678 -0.6936 -0.4433
 0.4437 -0.0007 -0.8962
-0.0169  0.9365 -0.3504
-0.5693 -0.5634  0.5987
-0.1417  0.1647 -0.9761
-0.0090  0.0218  0.9997
 0.0701  0.8285  0.5556
-0.9323 -0.1502  0.3290
-0.4597  0.4156  0.7848
-0.1731  0.6326 -0.7549
 0.6570 -0.0666  0.7510
-0.5533  0.6893 -0.4677
-0.6249  0.4686  0.6245
 0.4657  0.1275  0.8757
 0.1177 -0.1630 -0.9796
-0.4477  0.8279 -0.3379
 0.3146  0.9440 -0.0991
 0.4046 -0.8914 -0.2043
-0.7658  0.5070 -0.3956
-0.3352 -0.4404 -0.8329
-0.8215 -0.0022 -0.5703
 0.0322 -0.9968 -0.0738
 0.3798  0.9170  0.1221
 0.3522  0.6651 -0.6585
-0.8156 -0.4774 -0.3268
 0.0259  0.9680 -0.2497
-0.3154 -0.8760 -0.3650
-0.5404 -0.8398 -0.0516
-0.2790  0.8301  0.4828
-0.3762 -0.9197  0.1122
 0.6019 -0.5447  0.5839
 0.1339 -0.9851  0.1076
-0.4894 -0.7260  0.4831
 0.4460  0.2365  0.8632
 0.7836 -0.4577 -0.4202
-0.6317  0.6064 -0.4830
-0.3751 -0.5657  0.7344
-0.1806  0.9777  0.1068
 0.4166  0.7502  0.5135
-0.5031  0.7265  0.4681
-0.5006  0.3075 -0.8092
 0.8709 -0.4055  0.2776
-0.2660  0.4662  0.8437
 0.5828 -0.2307 -0.7792
-0.5645 -0.2063 -0.7992
-0.7909 -0.6106  0.0393
 0.2004 -0.3456 -0.9167
-0.3723 -0.0177 -0.9280
-0.7056 -0.1071 -0.7004
-0.9590 -0.1840  0.2158
-0.4927  0.8594 -0.1368
 0.6618 -0.3636  0.6556
-0.9665 -0.0661  0.2478
-0.2745 -0.9591  0.0685
 0.6342 -0.7490  0.1920
-0.0586  0.9899  0.1289
-0.2028  0.3779 -0.9034
 0.0211 -0.0877 -0.9959
 0.9240  0.3505 -0.1531
-0.8205 -0.4657  0.3315
 0.8320  0.5105  0.2171
 0.8480 -0.1370  0.5120
-0.8279  0.3890  0.4041
 0.2550  0.1828  0.9495
 0.4581  0.8881  0.0381
-0.8536 -0.4810  0.1998
-0.3962 -0.7329  0.5531
-0.0760 -0.7205 -0.6893
 0.7241 -0.6895 -0.0148
 0.8192 -0.4261  0.3839
 0.3876 -0.1575  0.9083
 0.8790 -0.4552 -0.1419
-0.5577 -0.8274  0.0665
 0.9709  0.0440 -0.2355
 0.1016 -0.9514 -0.2907
 0.1947  0.9732 -0.1225
-0.4346 -0.8444 -0.3132
 0.2610  0.8279 -0.4964
-0.5898  0.7932 -0.1518
 0.5565  0.5643 -0.6098
-0.6255  0.7338  0.2651
-0.1665  0.1592  0.9731
 0.9095 -0.2788 -0.3082
-0.7365 -0.6485 -0.1926
-0.8607  0.0904  0.5010
-0.6524  0.7560 -0.0535
-0.0687 -0.9973 -0.0260