1 -0.7046 -0.6646  0.2486

   2  0.7905 -0.6120  0.0255

   3 -0.8780 -0.4658  0.1105

   4  0.7185 -0.6557 -0.2321

   5 -0.6551 -0.4621 -0.5978

   6  0.0348  0.9365 -0.3489

   7 -0.1546  0.1574  0.9754

   8 -0.4343  0.7492  0.5000

   9  0.7980  0.4574  0.3925

  10 -0.4236 -0.8858  0.1892

  11 -0.3984 -0.9168  0.0260

  12  0.8067 -0.3107  0.5026

  13  0.7923  0.1469 -0.5922

  14  0.4682  0.3271 -0.8209

  15 -0.1296 -0.2736  0.9531

  16 -0.8820 -0.1288 -0.4533

  17 -0.0465 -0.2399 -0.9697

  18  0.6313 -0.4179 -0.6533

  19 -0.4264 -0.7200 -0.5475

  20 -0.2352 -0.9713 -0.0354

  21 -0.6726  0.6065  0.4240

  22  0.8983 -0.4222 -0.1216

  23 -0.9270  0.3018 -0.2228

  24 -0.7668 -0.4326 -0.4742

  25  0.1504  0.8035 -0.5760

  26 -0.0110  0.7724 -0.6350

  27 -0.8725  0.1429 -0.4672

  28 -0.1300 -0.7161 -0.6858

  29  0.8878  0.3813  0.2579

  30  0.4646  0.8502  0.2477

  31  0.5876 -0.8091 -0.0034

  32  0.3457 -0.9174 -0.1972

  33  0.3435 -0.8659 -0.3637

  34 -0.0401  0.2807  0.9590

  35 -0.5079  0.8568 -0.0888

  36  0.8882  0.4474  0.1044

  37 -0.0431 -0.8032  0.5941

  38 -0.3882  0.0629 -0.9194

  39  0.0493  0.9988  0.0027

  40 -0.0458 -0.4206  0.9061

  41 -0.8477  0.0034 -0.5305

  42 -0.1348 -0.5972 -0.7907

  43 -0.8707 -0.2846  0.4011

  44 -0.1383 -0.3636 -0.9212

  45  0.2536 -0.0497  0.9660

  46 -0.0591 -0.6885  0.7228

  47 -0.9294 -0.3171 -0.1888

  48 -0.4266 -0.6088 -0.6689

  49  0.6986 -0.2714 -0.6620

  50 -0.6511 -0.7347 -0.1905

  51  0.2889  0.7117 -0.6404

  52 -0.2544 -0.8988 -0.3570

  53  0.8573  0.5120 -0.0539

  54 -0.7713 -0.0355  0.6355

  55 -0.1695  0.7161  0.6771

  56  0.4596  0.0247 -0.8878

  57  0.5735 -0.2857 -0.7678

  58  0.3075 -0.2115  0.9278

  59  0.4614 -0.2367  0.8550

  60  0.1895  0.9782  0.0852

  61  0.4464  0.7119  0.5422

  62  0.9988  0.0373 -0.0309

  63  0.2967  0.7349  0.6099

  64  0.0036  0.5314  0.8471

  65 -0.2276  0.9604 -0.1610

  66  0.1083  0.5800 -0.8074

  67  0.7406 -0.4686  0.4815

  68  0.1971 -0.3382  0.9202

  69  0.4099 -0.0802  0.9086

  70  0.4604  0.7919  0.4011

  71 -0.9953  0.0908 -0.0335

  72 -0.7810 -0.5263 -0.3361

  73 -0.9796  0.0007 -0.2008

  74 -0.5788  0.2531 -0.7752

  75 -0.9352  0.1367 -0.3267

  76  0.7872 -0.5900  0.1794

  77  0.4156  0.5963 -0.6868

  78 -0.0278  0.3368 -0.9412

  79 -0.2002 -0.1230  0.9720

  80 -0.5979  0.4065 -0.6909

  81  0.0582 -0.9285 -0.3667

  82 -0.9628  0.1234  0.2406

  83 -0.7313  0.3745  0.5700

  84  0.1677  0.9014  0.3993

  85 -0.8353 -0.2848 -0.4703

  86 -0.0892  0.9928 -0.0800

  87 -0.5482  0.6389  0.5398

  88  0.6218 -0.5529  0.5547

  89  0.2349 -0.7460  0.6232

  90  0.2332  0.4608 -0.8563

  91  0.9839  0.1343  0.1180

  92  0.8886  0.0912 -0.4496

  93  0.5567 -0.7583  0.3391

  94 -0.5992 -0.7121  0.3660

  95  0.1766 -0.6220  0.7629

  96  0.8953 -0.0922 -0.4359

  97  0.4163  0.6121  0.6724

  98  0.1844 -0.7853 -0.5910

  99 -0.6749 -0.5725 -0.4655

 100  0.2988 -0.8976  0.3241

 101  0.3231 -0.9337  0.1543

 102 -0.4794 -0.7382  0.4746

 103 -0.7930 -0.1574 -0.5885

 104  0.8216 -0.2055 -0.5318

 105  0.5233  0.4643 -0.7145

 106 -0.7874 -0.6068  0.1083

 107  0.9530 -0.3018 -0.0258

 108  0.1370  0.7349  0.6641

 109 -0.1694  0.7171 -0.6761

 110 -0.2988 -0.2533  0.9201

 111 -0.3853 -0.4828 -0.7865

 112  0.7466 -0.2295  0.6244

 113  0.5900  0.7916  0.1591

 114 -0.4258  0.7716 -0.4725

 115  0.6581  0.4433 -0.6087

 116  0.2585 -0.5004  0.8263

 117 -0.6462  0.5133  0.5647

 118 -0.1267  0.9606  0.2473

 119  0.0424 -0.8564 -0.5145

 120 -0.3184 -0.3485 -0.8815

 121 -0.4280  0.0521  0.9023

 122  0.3822  0.4679 -0.7969

 123  0.0050  0.8786  0.4776

 124  0.0729  0.3962  0.9153

 125  0.5981 -0.7817 -0.1767

 126 -0.9290  0.2945  0.2241

 127  0.7646 -0.0415  0.6432

 128 -0.2699  0.9130 -0.3060

 129 -0.6414  0.7658 -0.0464

 130  0.6803 -0.6849  0.2611

 131 -0.5286 -0.4782 -0.7014

 132 -0.2936 -0.9134  0.2820

 133 -0.0113  0.7895  0.6137

 134 -0.3508 -0.6419  0.6818

 135 -0.5388 -0.7898 -0.2932

 136  0.1138 -0.8332  0.5412

 137  0.3278  0.9448 -0.0012

 138 -0.9346 -0.0227 -0.3549

 139  0.8447  0.2509 -0.4728

 140 -0.7795  0.6082  0.1499

 141 -0.5550 -0.7067 -0.4387

 142  0.1675  0.8854 -0.4336

 143 -0.7688 -0.6095 -0.1935

 144  0.9734 -0.1937  0.1221

 145  0.0869 -0.7283  0.6798

 146 -0.8059 -0.4354  0.4012

 147  0.6690 -0.1422  0.7296

 148  0.2707 -0.8345  0.4800

 149  0.3118  0.8817 -0.3542

 150  0.0831 -0.0200  0.9963

 151 -0.2654  0.0296  0.9637

 152 -0.2826 -0.7284 -0.6242

 153 -0.7112  0.6809 -0.1748

 154 -0.8548  0.5181  0.0301

 155 -0.6696  0.7337  0.1158

 156 -0.2890  0.1880 -0.9387

 157 -0.5316 -0.8444  0.0662

 158 -0.9829 -0.1483  0.1090

 159 -0.8189  0.5572 -0.1376

 160 -0.6079 -0.6137  0.5038

 161  0.1313 -0.2516 -0.9589

 162  0.7193  0.0294 -0.6941

 163 -0.8587  0.3805  0.3432

 164  0.6853  0.5237  0.5061

 165  0.4385  0.7021 -0.5610

 166 -0.7067  0.0905  0.7017

 167 -0.9180 -0.3946 -0.0401

 168  0.1471 -0.1752  0.9735

 169 -0.9755  0.1985  0.0952

 170  0.7770  0.4010 -0.4852

 171  0.9618  0.0562  0.2681

 172  0.2063 -0.9717 -0.1154

 173 -0.8284  0.1306  0.5447

 174  0.4367 -0.2866 -0.8527

 175  0.3454 -0.3682  0.8632

 176 -0.1053 -0.8964 -0.4305

 177 -0.1998 -0.7499  0.6306

 178  0.8006 -0.4393 -0.4075

 179  0.8042  0.5871  0.0930

 180  0.4129 -0.5671 -0.7127

 181  0.8291 -0.0113 -0.5590

 182  0.5565  0.5775  0.5973

 183  0.1862  0.5006  0.8454

 184  0.9488  0.2952  0.1122

 185  0.1158 -0.5331 -0.8381

 186 -0.3242 -0.8448  0.4257

 187 -0.8009  0.2883 -0.5248

 188 -0.2710 -0.8244 -0.4970

 189  0.1983 -0.8725 -0.4466

 190 -0.3629  0.3390  0.8680

 191 -0.8276 -0.1777  0.5325

 192  0.3332 -0.7892 -0.5160

 193  0.9922 -0.0302  0.1213

 194  0.6881 -0.3852  0.6150

 195  0.8454 -0.3877  0.3673

 196 -0.4246  0.6338  0.6465

 197  0.4723  0.8780  0.0777

 198 -0.8602 -0.0180  0.5097

 199 -0.3055  0.7401  0.5991

 200 -0.7583  0.6518 -0.0112

 201 -0.3446 -0.7540  0.5592

 202  0.5897 -0.6482 -0.4817

 203  0.7106  0.6688  0.2186

 204  0.0281 -0.5845  0.8109

 205  0.9273  0.1873 -0.3240

 206 -0.0173 -0.8916  0.4524

 207 -0.0439 -0.4945 -0.8681

 208  0.0415 -0.2979  0.9537

 209 -0.9120 -0.1244  0.3909

 210  0.4538 -0.6815 -0.5741

 211  0.8923 -0.2077  0.4008

 212  0.5660  0.8066 -0.1704

 213  0.9908 -0.1323 -0.0280

 214  0.3082  0.0288 -0.9509

 215  0.8950 -0.3564 -0.2681

 216  0.3701 -0.1280 -0.9201

 217  0.0576 -0.9978 -0.0325

 218  0.2149 -0.1109 -0.9703

 219 -0.0853 -0.9893 -0.1187

 220 -0.5625  0.7286  0.3908

 221 -0.7663  0.4652  0.4431

 222 -0.1535 -0.9198  0.3611

 223  0.2520  0.3678  0.8951

 224  0.1376  0.2536  0.9575

 225  0.7705 -0.5409  0.3372

 226 -0.4747  0.2076  0.8553

 227  0.9281 -0.3531  0.1179

 228 -0.4569 -0.8234  0.3365

 229 -0.9025  0.4198 -0.0965

 230 -0.2570  0.4649  0.8472

 231  0.7029 -0.7071 -0.0773

 232 -0.6836 -0.1805 -0.7072

 233  0.5843  0.6675  0.4614

 234 -0.1276 -0.9697  0.2084

 235 -0.1816 -0.8457  0.5019

 236 -0.8666  0.4600  0.1935

 237 -0.9033  0.2112  0.3735

 238  0.1821  0.9461 -0.2679

 239  0.8772 -0.4789  0.0340

 240  0.8113  0.5301  0.2465

 241 -0.7358  0.2289  0.6374

 242  0.1894  0.9777 -0.0909

 243 -0.3665 -0.1020  0.9248

 244 -0.9691 -0.1531 -0.1934

 245  0.7603 -0.3610 -0.5401

 246 -0.3672 -0.9217 -0.1251

 247  0.0580  0.1886 -0.9803

 248 -0.1559  0.8234  0.5456

 249  0.2055 -0.4094 -0.8889

 250 -0.1919  0.4511 -0.8716

 251  0.7930  0.5727 -0.2077

 252 -0.5715 -0.7900  0.2217

 253 -0.9654 -0.0505  0.2558

 254 -0.5712  0.6651 -0.4810

 255 -0.4587 -0.2343  0.8572

 256  0.4956  0.4750  0.7272

 257 -0.6723 -0.7329  0.1046

 258 -0.6003 -0.2212  0.7686

 259 -0.4146 -0.8097 -0.4154

 260 -0.3382  0.4971 -0.7991

 261 -0.4429  0.2220 -0.8687

 262  0.5769  0.6720 -0.4644

 263  0.7131 -0.5892 -0.3801

 264  0.0400 -0.9897  0.1375

 265  0.0173 -0.6425 -0.7661

 266 -0.8589  0.4392 -0.2635

 267 -0.4747 -0.3459 -0.8093

 268 -0.0319  0.0362 -0.9988

 269 -0.1100  0.9902  0.0860

 270  0.5115 -0.1333 -0.8489

 271 -0.2954  0.8384  0.4582

 272 -0.8617 -0.4696 -0.1922

 273 -0.5413  0.8373  0.0775

 274 -0.5094 -0.8504 -0.1317

 275 -0.2905  0.6134  0.7344

 276  0.6135  0.1777  0.7694

 277  0.0084  0.8660 -0.4999

 278  0.6970  0.7144  0.0620

 279  0.6509  0.0214  0.7589

 280 -0.7340 -0.3145 -0.6020

 281  0.3861 -0.7313  0.5623

 282  0.2661  0.5960 -0.7576

 283  0.8629 -0.4563  0.2173

 284 -0.0927  0.0063  0.9957

 285 -0.6581  0.6761 -0.3314

 286 -0.7446 -0.0183 -0.6673

 287 -0.5845 -0.4969  0.6415

 288 -0.6691  0.1184 -0.7337

 289  0.5962  0.0269 -0.8024

 290 -0.1076  0.1762 -0.9785

 291 -0.6550 -0.0653  0.7528

 292  0.5288 -0.6915  0.4922

 293 -0.0535  0.5183 -0.8535

 294 -0.7986  0.4309 -0.4201

 295 -0.7810  0.5459  0.3032

 296 -0.7412 -0.6699 -0.0434

 297  0.6835 -0.5105 -0.5217

 298 -0.1041  0.4256  0.8989

 299 -0.6119  0.2248  0.7583

 300 -0.2296 -0.9511 -0.2069

 301  0.4080 -0.5107  0.7568

 302 -0.5004  0.3623  0.7864

 303  0.6060  0.3247 -0.7262

 304 -0.4797 -0.0642 -0.8751

 305  0.9826 -0.0631 -0.1745

 306 -0.3775  0.9146 -0.1447

 307  0.6393 -0.1284 -0.7581

 308  0.5791  0.7487 -0.3226

 309 -0.6958  0.5558 -0.4550

 310 -0.4721  0.5285 -0.7055

 311  0.6881  0.5451 -0.4789

 312  0.9373 -0.1689 -0.3049

 313  0.9385  0.2229  0.2637

 314  0.6111 -0.2892  0.7368

 315 -0.8100 -0.5277  0.2559

 316 -0.3347  0.3470 -0.8761

 317  0.5505 -0.5560 -0.6227

 318  0.8140  0.2178  0.5385

 319  0.6978  0.6321 -0.3370

 320  0.3564 -0.4286 -0.8302

 321 -0.6988  0.2765 -0.6598

 322 -0.7176 -0.5776  0.3891

 323  0.7534 -0.1215 -0.6463

 324  0.4420 -0.8611  0.2511

 325  0.4775 -0.8353 -0.2727

 326 -0.9266  0.3691  0.0719

 327 -0.6137 -0.3347 -0.7151

 328 -0.4317  0.8308  0.3511

 329  0.0340  0.9848  0.1701

 330 -0.7021 -0.4754  0.5302

 331  0.1438 -0.9089  0.3914

 332  0.7075  0.6044  0.3663

 333 -0.9937  0.0192  0.1107

 334  0.1549  0.8281  0.5388

 335 -0.2844 -0.6115 -0.7384

 336  0.1670 -0.6730 -0.7206

 337 -0.4493 -0.5111  0.7327

 338 -0.5285  0.5105  0.6783

 339 -0.2066 -0.6347  0.7446

 340  0.7344  0.2976 -0.6100

 341 -0.1410  0.9051  0.4011

 342  0.4129  0.3544  0.8390

 343 -0.4001  0.9159  0.0309

 344  0.4801 -0.6075  0.6328

 345 -0.1530  0.8223 -0.5481

 346 -0.5935  0.5441 -0.5931

 347 -0.0266 -0.1458  0.9889

 348  0.1310  0.7010 -0.7010

 349  0.3259 -0.6353  0.7001

 350  0.1947 -0.9791  0.0588

 351 -0.3230  0.1822  0.9287

 352 -0.7801  0.1393 -0.6099

 353  0.9129 -0.0318  0.4069

 354  0.1385  0.0406 -0.9895

 355 -0.0313  0.6561 -0.7540

 356 -0.1299  0.9038 -0.4077

 357  0.1731 -0.9577  0.2300

 358  0.8186 -0.5083 -0.2673

 359  0.7598  0.3738  0.5319

 360  0.1816  0.9519  0.2466

 361  0.4484  0.7887 -0.4207

 362  0.8148 -0.5667 -0.1224

 363 -0.4561  0.6588 -0.5983

 364 -0.5583  0.7950  0.2373

 365 -0.1479  0.5788  0.8019

 366  0.8631  0.3037  0.4036

 367  0.0445 -0.3791 -0.9243

 368  0.5520 -0.1132  0.8261

 369 -0.8273  0.2840  0.4847

 370  0.3122  0.2258  0.9228

 371  0.4617 -0.8838  0.0760

 372 -0.6212 -0.7824 -0.0441

 373  0.2689  0.6257  0.7323

 374 -0.0294  0.6771  0.7353

 375 -0.8632 -0.3779 -0.3349

 376  0.4986 -0.4326 -0.7512

 377  0.3394 -0.9404 -0.0218

 378 -0.3860 -0.3792  0.8410

 379 -0.3982  0.4943  0.7727

 380 -0.7251 -0.1977  0.6597

 381  0.6586 -0.6280  0.4146

 382 -0.9413 -0.2215  0.2547

 383  0.5986  0.8008 -0.0189

 384  0.8744  0.3453 -0.3409

 385  0.0482  0.9831 -0.1765

 386  0.3343  0.9278  0.1658

 387 -0.2290 -0.4784 -0.8478

 388  0.9220 -0.2833  0.2639

 389 -0.5199 -0.0823  0.8502

 390 -0.5752  0.0729  0.8148

 391  0.3465  0.4952  0.7967

 392 -0.3290  0.6329 -0.7009

 393 -0.9201 -0.2152 -0.3273

 394 -0.9437 -0.3122  0.1096

 395 -0.4204  0.8862  0.1948

 396  0.9782  0.2044 -0.0355

 397  0.3131 -0.6870 -0.6558

 398 -0.3010 -0.5139  0.8033

 399  0.9565 -0.2389 -0.1671

 400 -0.4721  0.3824 -0.7943

 401 -0.6224 -0.0422 -0.7815

 402 -0.2517  0.9678 -0.0049

 403 -0.2849  0.9073  0.3093

 404 -0.3117 -0.0826 -0.9466

 405  0.6712  0.1786 -0.7194

 406 -0.8881 -0.3798  0.2589

 407  0.5167  0.0496  0.8547

 408  0.3227  0.8881  0.3273

 409 -0.8788  0.2922 -0.3773

 410  0.5722 -0.8013  0.1747

 411 -0.5390  0.0923 -0.8372

 412  0.6350  0.4327  0.6400

 413  0.4744 -0.7690 -0.4285

 414  0.4733 -0.8750 -0.1021

 415 -0.5534 -0.1993 -0.8087

 416 -0.6244  0.3729  0.6864

 417  0.3134  0.8223  0.4749

 418 -0.7686  0.5647 -0.3006

 419 -0.2129  0.0458 -0.9760

 420  0.0469 -0.1066 -0.9932

 421  0.9423  0.2778 -0.1871

 422 -0.1329 -0.0976 -0.9863

 423 -0.3964 -0.8766 -0.2729

 424 -0.7093  0.4226 -0.5643

 425  0.2678 -0.5584 -0.7852

 426 -0.8407 -0.5398 -0.0422

 427  0.0201  0.9443  0.3284

 428 -0.9719  0.1574 -0.1748

 429 -0.2699  0.9505  0.1542

 430  0.7967  0.4924 -0.3505

 431  0.1974  0.1047  0.9747

 432 -0.9708 -0.2362 -0.0410

 433 -0.0854 -0.9553 -0.2831

 434 -0.5794  0.7879 -0.2085

 435 -0.6721 -0.6625 -0.3307

 436  0.0296 -0.7610 -0.6480

 437  0.3187  0.3230 -0.8911

 438  0.4197 -0.8082  0.4132

 439  0.1567  0.3128 -0.9368

 440  0.6972  0.2816  0.6593

 441  0.6879 -0.7193  0.0970

 442 -0.2115  0.3073  0.9278

 443  0.4445  0.8554 -0.2660

 444 -0.1906  0.5931 -0.7822

 445  0.1091 -0.4657  0.8782

 446  0.4536  0.8870 -0.0862

 447 -0.4216  0.8591 -0.2901

 448  0.5403  0.1799 -0.8220

 449  0.5607  0.3293  0.7597

 450  0.9489  0.0124 -0.3152

 451  0.5938  0.7399  0.3160

 452 -0.4018 -0.2098 -0.8914

 453  0.8689 -0.2839 -0.4054

 454  0.2891 -0.2728 -0.9176

 455 -0.6637 -0.3515  0.6602

 456  0.9564 -0.1134  0.2692

 457  0.8441  0.0525  0.5336

 458 -0.3053  0.7507 -0.5859

 459  0.7423  0.1246  0.6584

 460 -0.2187 -0.3986  0.8907

 461  0.1141  0.6225  0.7743

 462  0.6040 -0.7238 -0.3335

 463 -0.1196 -0.8161 -0.5655

 464  0.0216  0.1322  0.9910

 465 -0.5569 -0.6014 -0.5729

 466 -0.9964 -0.0726 -0.0429

 467  0.3958  0.1779 -0.9009

 468  0.0643 -0.9771 -0.2028

 469 -0.2678 -0.9553  0.1249

 470 -0.5287  0.7702 -0.3567

 471 -0.0983 -0.9939  0.0499

 472 -0.1252 -0.5348  0.8356

 473  0.0115 -0.9543  0.2987

 474 -0.7750 -0.3298  0.5390

 475  0.5652 -0.4673  0.6798

 476  0.2361  0.1750 -0.9558

 477  0.4903 -0.3755  0.7865

 478  0.8396 -0.1274  0.5281

 479 -0.4860 -0.6315  0.6042

 480 -0.1816  0.3100 -0.9332

 481  0.6837  0.7067 -0.1819

 482 -0.2917  0.8470 -0.4444

 483 -0.5326 -0.3705  0.7610

 484  0.9302  0.3645 -0.0430

 485  0.0763  0.4430 -0.8933

 486 -0.9615  0.2695 -0.0532

 487 -0.2280 -0.2257 -0.9471

 488  0.3215  0.9296 -0.1801

 489 -0.9203  0.0558  0.3872

 490  0.4706  0.2056  0.8580

 491  0.2070 -0.9355 -0.2865

 492  0.7594  0.6476 -0.0622

 493  0.9775  0.1105 -0.1797

 494 -0.0976  0.9615 -0.2571

 495  0.8798  0.4312 -0.2001

 496  0.9031  0.1410  0.4055

 497  0.5580  0.5778 -0.5956

 498  0.3057  0.8064 -0.5061

 499 -0.6798  0.6808  0.2729

 500  0.3654  0.0766  0.9277

   1 -0.1292 -0.4648 -0.8759
   2 -0.6949 -0.0717 -0.7156
   3 -0.3385 -0.9251  0.1718
   4 -0.1766  0.0533  0.9828
   5 -0.5851 -0.0238  0.8106
   6  0.6232 -0.6961  0.3564
   7  0.0876  0.7628 -0.6407
   8 -0.5606 -0.6854  0.4647
   9 -0.2103  0.9417  0.2627
  10 -0.1883 -0.9744 -0.1229
  11 -0.9794  0.1829 -0.0851
  12  0.4717 -0.3548 -0.8073
  13 -0.8332  0.1067 -0.5426
  14 -0.5753 -0.4289  0.6965
  15  0.7670 -0.2167 -0.6040
  16  0.4328 -0.4877 -0.7582
  17 -0.6947 -0.4111  0.5902
  18 -0.7202  0.6070  0.3360
  19 -0.0277  0.6070  0.7942
  20 -0.4551  0.1274 -0.8813
  21 -0.4786  0.8377  0.2632
  22  0.3887 -0.8139 -0.4319
  23  0.4402  0.1225  0.8895
  24 -0.5976  0.6601  0.4552
  25  0.6109  0.7559 -0.2353
  26 -0.7524 -0.5916  0.2897
  27 -0.4923 -0.8395  0.2300
  28  0.0512 -0.2069  0.9770
  29  0.1053 -0.9877 -0.1155
  30  0.7777 -0.5278 -0.3415
  31  0.2162 -0.6825  0.6982
  32 -0.0405 -0.3365 -0.9408
  33  0.8148 -0.5199  0.2564
  34 -0.7860 -0.1277  0.6049
  35 -0.8785 -0.2287 -0.4195
  36 -0.6073  0.7350  0.3017
  37 -0.4908  0.2951 -0.8198
  38 -0.6963  0.3267  0.6391
  39  0.0407  0.2862 -0.9573
  40 -0.3606 -0.5655 -0.7418
  41  0.2175  0.9761 -0.0010
  42 -0.3823 -0.1955  0.9031
  43  0.8635  0.4641  0.1972
  44 -0.8094 -0.3694  0.4565
  45 -0.4626 -0.2669 -0.8455
  46  0.9741 -0.0215  0.2250
  47 -0.1970  0.9774  0.0764
  48  0.7108 -0.3425 -0.6144
  49 -0.8207  0.5698 -0.0434
  50 -0.9619 -0.0777 -0.2620
  51 -0.2798 -0.0690  0.9576
  52 -0.2145 -0.9450  0.2468
  53  0.9737  0.2203  0.0589
  54 -0.1198  0.0816 -0.9894
  55 -0.2883  0.4448 -0.8479
  56 -0.3778 -0.6845 -0.6235
  57 -0.0146 -0.7495  0.6619
  58 -0.6710  0.5114 -0.5368
  59  0.5299 -0.2137 -0.8207
  60  0.2152 -0.4892 -0.8452
  61 -0.8587  0.2402 -0.4527
  62  0.2010 -0.9299  0.3082
  63  0.7804  0.0527  0.6230
  64 -0.4413 -0.4381  0.7831
  65 -0.8380 -0.4499  0.3087
  66 -0.0549  0.9984  0.0107
  67 -0.2738  0.5444  0.7929
  68 -0.1385 -0.4437  0.8854
  69  0.1032 -0.8909 -0.4424
  70  0.6096 -0.5783 -0.5421
  71 -0.2165  0.7713 -0.5986
  72  0.2292  0.2807  0.9320
  73 -0.9580 -0.2525 -0.1359
  74 -0.7627  0.2380 -0.6013
  75  0.0938 -0.9940  0.0568
  76  0.9099  0.3320 -0.2488
  77 -0.2792  0.5667 -0.7752
  78  0.3421  0.6682  0.6607
  79  0.3402  0.6489 -0.6806
  80 -0.0617  0.9820  0.1785
  81  0.0749 -0.7056 -0.7047
  82  0.1499 -0.5444  0.8254
  83  0.9984 -0.0560  0.0120
  84 -0.3612 -0.5717  0.7367
  85 -0.0799 -0.6120  0.7868
  86 -0.5843 -0.7328 -0.3488
  87 -0.0733  0.8562  0.5114
  88  0.6545 -0.4743  0.5889
  89 -0.8620  0.4741 -0.1794
  90 -0.1160  0.3336  0.9355
  91 -0.9786  0.0326  0.2032
  92  0.5560  0.2728 -0.7852
  93  0.7891  0.2986 -0.5368
  94 -0.9581  0.2836  0.0413
  95  0.5777  0.4937 -0.6500
  96 -0.2204 -0.0545 -0.9739
  97  0.3566  0.7640  0.5377
  98  0.6370  0.6641  0.3914
  99 -0.6346  0.7602 -0.1395
 100  0.8522  0.3924  0.3462
 101 -0.7260 -0.6705  0.1530
 102 -0.9012  0.4334 -0.0022
 103 -0.9969 -0.0590  0.0512
 104  0.8323 -0.5467  0.0915
 105  0.8904 -0.4383  0.1226
 106 -0.4315  0.4633 -0.7740
 107 -0.5522  0.0042 -0.8337
 108 -0.6923 -0.7214  0.0162
 109 -0.8847 -0.3996 -0.2400
 110 -0.4990 -0.5630  0.6588
 111  0.9206 -0.1247  0.3700
 112 -0.3558 -0.8602 -0.3654
 113  0.2485 -0.9479 -0.1992
 114  0.4767  0.3921  0.7868
 115  0.8919 -0.3707  0.2591
 116 -0.2481 -0.4022 -0.8813
 117  0.0412  0.0989 -0.9942
 118 -0.6316  0.4533  0.6290
 119 -0.9364  0.1312  0.3255
 120  0.2518  0.5564  0.7918
 121  0.3898 -0.8557  0.3404
 122 -0.4200  0.8175 -0.3941
 123 -0.8198  0.0313  0.5718
 124  0.5984 -0.3561 -0.7177
 125 -0.7670  0.5159 -0.3815
 126  0.3672 -0.4450  0.8168
 127 -0.0072  0.0514  0.9987
 128  0.3021 -0.5684  0.7653
 129 -0.8395 -0.5416  0.0448
 130  0.5721  0.4162  0.7067
 131  0.8094  0.5766 -0.1112
 132  0.2334 -0.8807  0.4121
 133 -0.6450  0.7186 -0.2600
 134 -0.1406  0.5017  0.8536
 135  0.0731  0.9058  0.4174
 136 -0.4604 -0.5314 -0.7111
 137 -0.2307 -0.5579 -0.7972
 138 -0.1265  0.9781 -0.1651
 139  0.6707  0.6818  0.2923
 140 -0.4909 -0.8394 -0.2331
 141 -0.2009  0.8589 -0.4711
 142  0.2858  0.1390  0.9482
 143 -0.0652 -0.7740 -0.6299
 144 -0.4319 -0.7012  0.5672
 145 -0.8748 -0.1032  0.4734
 146 -0.2436  0.6707 -0.7006
 147  0.9905  0.0157 -0.1368
 148  0.5291 -0.0367 -0.8477
 149  0.2209  0.8502  0.4778
 150 -0.6391 -0.5477 -0.5399
 151 -0.3328  0.8696 -0.3649
 152  0.7643  0.5711 -0.2995
 153  0.9960  0.0669  0.0589
 154  0.4156  0.2688 -0.8689
 155 -0.7982 -0.0351 -0.6013
 156  0.2134  0.6690 -0.7120
 157  0.5262 -0.2856  0.8010
 158  0.0610  0.6449 -0.7618
 159 -0.0568 -0.3293  0.9425
 160  0.6899 -0.2830  0.6663
 161 -0.4121 -0.7979  0.4400
 162 -0.3174  0.9211 -0.2254
 163  0.9853  0.1404 -0.0973
 164  0.9090  0.0003 -0.4168
 165  0.1545  0.9709 -0.1830
 166 -0.7008 -0.6714 -0.2411
 167 -0.3059 -0.3358  0.8909
 168  0.0542  0.3048  0.9509
 169  0.7489  0.4604  0.4766
 170  0.1712  0.3997 -0.9005
 171  0.8204 -0.3243 -0.4709
 172 -0.3448  0.7837  0.5167
 173 -0.1704  0.6497  0.7408
 174  0.6181  0.5092  0.5988
 175 -0.4802 -0.3145  0.8188
 176 -0.6191 -0.3013  0.7252
 177  0.3553  0.5445 -0.7598
 178  0.3699  0.8944  0.2514
 179 -0.2175 -0.5584  0.8006
 180  0.7275 -0.6163  0.3015
 181  0.6458 -0.6565 -0.3897
 182 -0.1079  0.3995 -0.9104
 183  0.9744 -0.2110 -0.0770
 184 -0.7407 -0.2783  0.6115
 185  0.0912 -0.8095 -0.5800
 186  0.0051  0.9648 -0.2629
 187 -0.0327  0.9082 -0.4173
 188 -0.6790  0.3724 -0.6327
 189  0.0375  0.9953 -0.0896
 190  0.3249  0.4180  0.8483
 191 -0.5986 -0.7917  0.1216
 192  0.5004 -0.7550  0.4238
 193 -0.7232  0.6622  0.1963
 194  0.6493 -0.7219 -0.2394
 195 -0.4565  0.6852  0.5675
 196  0.9060  0.2355  0.3516
 197 -0.7788  0.3819 -0.4976
 198 -0.1962 -0.9785  0.0643
 199  0.9191 -0.3934 -0.0227
 200 -0.9727 -0.2241  0.0605
 201  0.2263 -0.9629  0.1469
 202  0.4700 -0.6746  0.5692
 203  0.5257 -0.7803 -0.3387
 204 -0.2315  0.2100  0.9499
 205 -0.7673  0.6028 -0.2190
 206  0.4209  0.8881 -0.1846
 207  0.8410 -0.1058 -0.5306
 208  0.1028  0.5463  0.8313
 209 -0.9127 -0.2930 -0.2847
 210  0.1278 -0.0532 -0.9904
 211 -0.4811  0.7726  0.4144
 212  0.4953 -0.8686 -0.0145
 213 -0.9053  0.2945  0.3060
 214 -0.2987 -0.4390  0.8474
 215  0.4625 -0.6149 -0.6387
 216  0.5607  0.8256  0.0631
 217 -0.3551  0.2531 -0.8999
 218  0.3581  0.8340 -0.4197
 219 -0.8373  0.5310  0.1307
 220  0.0903 -0.3784  0.9212
 221 -0.0921  0.5884 -0.8033
 222  0.6103 -0.3812  0.6944
 223  0.2207  0.8331 -0.5072
 224  0.5898 -0.6248  0.5116
 225  0.3936 -0.2103 -0.8949
 226  0.2155 -0.8095  0.5461
 227 -0.9423 -0.3344  0.0138
 228  0.9509 -0.2111  0.2264
 229  0.6270 -0.7746 -0.0834
 230 -0.4465 -0.8919 -0.0715
 231 -0.6802 -0.7247 -0.1104
 232  0.6715  0.7375 -0.0718
 233  0.9663  0.1461  0.2119
 234 -0.9059  0.0529 -0.4202
 235  0.2182  0.7015  0.6784
 236 -0.2945  0.9517 -0.0866
 237 -0.6696 -0.1579  0.7258
 238  0.7231  0.6514 -0.2298
 239  0.0739  0.8151  0.5746
 240  0.2224 -0.7265 -0.6502
 241  0.8295 -0.2189  0.5139
 242  0.7012 -0.5505  0.4531
 243 -0.1244 -0.8889  0.4408
 244  0.7832 -0.5801 -0.2236
 245 -0.9186 -0.1983  0.3419
 246  0.8542  0.5183  0.0411
 247 -0.0056  0.4448  0.8956
 248  0.2413  0.9567  0.1627
 249  0.5530 -0.4841 -0.6781
 250  0.9545  0.2823 -0.0958
 251  0.3446 -0.0071  0.9387
 252 -0.7095 -0.0093  0.7047
 253  0.0016 -0.5023  0.8647
 254 -0.7299  0.0901 -0.6775
 255  0.6213  0.5953  0.5094
 256 -0.7414 -0.2235 -0.6327
 257 -0.4634  0.8798  0.1060
 258 -0.5407  0.6188 -0.5698
 259 -0.3932 -0.0342 -0.9188
 260  0.2988  0.2355 -0.9248
 261  0.1747  0.0220  0.9844
 262 -0.7885  0.3875  0.4775
 263 -0.8238 -0.3893 -0.4121
 264  0.7760  0.6030  0.1853
 265  0.5462  0.8060  0.2280
 266 -0.7452 -0.5089 -0.4310
 267 -0.0857 -0.9496  0.3015
 268  0.0480 -0.2040 -0.9778
 269  0.3475  0.7470 -0.5667
 270  0.9258  0.3744  0.0518
 271 -0.6211 -0.5477  0.5606
 272  0.7718  0.5381  0.3389
 273 -0.3916  0.7271 -0.5640
 274  0.3883 -0.8792 -0.2760
 275  0.7546 -0.3760  0.5377
 276 -0.5374 -0.1733  0.8253
 277 -0.0752 -0.6670 -0.7413
 278 -0.9598  0.2101  0.1863
 279 -0.5129  0.7267 -0.4570
 280  0.3719 -0.9256  0.0698
 281 -0.9938  0.0256 -0.1078
 282  0.7163 -0.0648 -0.6948
 283  0.6607  0.3557 -0.6611
 284 -0.4174  0.5673  0.7099
 285 -0.4181  0.6050 -0.6776
 286 -0.3714 -0.7839 -0.4976
 287 -0.3185  0.6753  0.6653
 288 -0.3226 -0.9461 -0.0283
 289  0.9655 -0.1576 -0.2071
 290 -0.8297 -0.5333  0.1648
 291  0.6229  0.6820 -0.3832
 292  0.2278  0.9174  0.3263
 293  0.3683 -0.7281 -0.5782
 294  0.1570 -0.0901  0.9835
 295 -0.0416 -0.0611 -0.9973
 296 -0.9853 -0.1375 -0.1015
 297  0.3382 -0.5087 -0.7918
 298  0.2968  0.9500 -0.0973
 299  0.4605 -0.1505  0.8748
 300  0.0178 -0.8507  0.5253
 301  0.6762  0.1106  0.7284
 302 -0.6066 -0.1282 -0.7846
 303 -0.5372 -0.3917 -0.7469
 304  0.9819 -0.1144  0.1507
 305  0.7768  0.0531 -0.6275
 306 -0.6512  0.6338 -0.4175
 307  0.8418  0.0988 -0.5306
 308 -0.7923 -0.6019 -0.0998
 309  0.4897 -0.4538  0.7445
 310 -0.3382  0.9134  0.2266
 311 -0.3431  0.8616  0.3741
 312 -0.5721  0.8201 -0.0123
 313  0.2348 -0.4174  0.8779
 314  0.7400 -0.6575  0.1420
 315  0.3793 -0.9190 -0.1077
 316  0.6515 -0.2133 -0.7280
 317 -0.6151  0.3148 -0.7229
 318 -0.4707  0.8620 -0.1881
 319 -0.9366 -0.0313  0.3491
 320 -0.3897 -0.3968 -0.8310
 321  0.4845 -0.5443  0.6848
 322 -0.8320  0.4685  0.2972
 323  0.4741  0.4155 -0.7763
 324  0.7203 -0.6936  0.0109
 325  0.5546 -0.8274  0.0885
 326  0.9239 -0.3381 -0.1791
 327 -0.5767  0.3129  0.7547
 328  0.7337  0.5418 -0.4100
 329 -0.0115 -0.5686 -0.8226
 330 -0.2193 -0.7868 -0.5769
 331 -0.2140  0.7738  0.5962
 332  0.1439 -0.6047 -0.7833
 333  0.1212 -0.7791  0.6150
 334 -0.1158 -0.1655  0.9794
 335 -0.1841 -0.9358 -0.3006
 336  0.8704 -0.2977  0.3922
 337 -0.9062 -0.3038  0.2941
 338 -0.8591  0.3128  0.4052
 339 -0.6666 -0.6564  0.3532
 340 -0.0547 -0.8616 -0.5047
 341 -0.3692  0.4261  0.8259
 342  0.1665  0.4162  0.8939
 343  0.4737  0.1224 -0.8721
 344  0.7604  0.6486  0.0313
 345  0.9342  0.0606  0.3515
 346 -0.5546  0.4888 -0.6734
 347 -0.5693 -0.5277 -0.6304
 348  0.8901  0.2639 -0.3715
 349  0.7957 -0.4547  0.4001
 350 -0.1893  0.2135 -0.9584
 351  0.5056 -0.0334  0.8621
 352  0.6347 -0.0595  0.7705
 353  0.3613 -0.9045  0.2266
 354  0.3942  0.2712  0.8781
 355 -0.0379 -0.9787 -0.2016
 356  0.6422 -0.7426  0.1901
 357 -0.2263 -0.6820 -0.6954
 358 -0.4960  0.1131  0.8609
 359 -0.5162 -0.6826 -0.5174
 360 -0.3164 -0.1836 -0.9307
 361  0.2871  0.9176 -0.2749
 362 -0.8431 -0.1068 -0.5270
 363  0.6661  0.7310  0.1478
 364  0.0578  0.7104  0.7014
 365  0.5156 -0.8372 -0.1823
 366  0.3935 -0.0231 -0.9190
 367  0.5363  0.8396 -0.0859
 368 -0.2538  0.3801  0.8895
 369  0.2279  0.0821 -0.9702
 370 -0.9922  0.1087  0.0610
 371  0.3712 -0.2812  0.8850
 372  0.0732 -0.9713  0.2265
 373  0.4177  0.8976  0.1410
 374  0.7023  0.3687  0.6089
 375  0.8951  0.4331 -0.1055
 376 -0.7371 -0.5084  0.4452
 377 -0.9258 -0.1169 -0.3596
 378 -0.7016  0.5285  0.4779
 379  0.5039  0.7280  0.4648
 380 -0.0729  0.9368  0.3422
 381 -0.7703  0.1165  0.6270
 382 -0.7339  0.6755  0.0720
 383  0.0673 -0.6561  0.7517
 384  0.1863  0.5367 -0.8230
 385  0.8425  0.4654 -0.2712
 386  0.4149  0.9099  0.0004
 387 -0.9087 -0.3862  0.1582
 388 -0.6302  0.1221  0.7668
 389 -0.9095  0.3801  0.1680
 390  0.6943 -0.4398 -0.5697
 391 -0.9626  0.0821 -0.2583
 392  0.5229 -0.8119  0.2597
 393 -0.7212  0.6878 -0.0822
 394  0.2883 -0.0624 -0.9555
 395  0.6123  0.5943 -0.5215
 396  0.3168 -0.3523 -0.8807
 397 -0.2972  0.0890 -0.9507
 398  0.3021 -0.6243 -0.7204
 399  0.1420  0.9247 -0.3533
 400  0.5503  0.1449  0.8223
 401 -0.7031 -0.6023 -0.3780
 402  0.8321 -0.0456  0.5528
 403  0.5091  0.7954  0.3289
 404  0.6284  0.2677  0.7304
 405 -0.0455 -0.9985 -0.0307
 406 -0.3423  0.0828  0.9359
 407  0.8962 -0.1936 -0.3993
 408  0.8574  0.1596  0.4894
 409  0.3605 -0.7923  0.4922
 410  0.8889  0.1736 -0.4240
 411  0.6166  0.1272 -0.7769
 412 -0.4637  0.2968  0.8348
 413 -0.2059  0.8686  0.4508
 414  0.1501  0.2159 -0.9648
 415 -0.1712  0.9322 -0.3188
 416  0.7112  0.4546 -0.5362
 417  0.8159  0.3124  0.4866
 418  0.7392 -0.5036 -0.4471
 419 -0.7964  0.2394  0.5554
 420 -0.8598  0.3819 -0.3389
 421 -0.5458 -0.8368 -0.0427
 422 -0.3633 -0.8720  0.3281
 423  0.2115 -0.2497  0.9449
 424  0.0912  0.9915  0.0926
 425 -0.5554  0.5722  0.6034
 426 -0.8826 -0.4603 -0.0959
 427 -0.9329  0.3328 -0.1374
 428  0.1533 -0.3368 -0.9290
 429  0.2498 -0.8973 -0.3640
 430  0.1077 -0.9525 -0.2849
 431 -0.8806  0.1334  0.4546
 432 -0.0734  0.7174 -0.6928
 433 -0.0817  0.7520  0.6541
 434 -0.6202 -0.2505 -0.7434
 435 -0.3242  0.9430  0.0751
 436 -0.9697 -0.1375  0.2021
 437 -0.4414 -0.0447  0.8962
 438  0.8612 -0.5025 -0.0765
 439 -0.0641  0.1878  0.9801
 440  0.7507 -0.1354  0.6467
 441 -0.1555 -0.7027  0.6942
 442  0.0982  0.8568 -0.5062
 443  0.7276  0.2075 -0.6539
 444 -0.1326 -0.1944 -0.9719
 445 -0.8394 -0.2524  0.4814
 446 -0.5023  0.4481  0.7395
 447 -0.5989  0.1589 -0.7849
 448  0.2428 -0.8226 -0.5141
 449 -0.6671 -0.3797 -0.6409
 450 -0.2055 -0.8719 -0.4444
 451  0.3152 -0.1256  0.9407
 452 -0.2957 -0.7092  0.6400
 453 -0.7748 -0.3470 -0.5284
 454  0.1139  0.1632  0.9800
 455 -0.4282  0.9020 -0.0560
 456  0.3243  0.4106 -0.8522
 457  0.4818  0.6382  0.6005
 458 -0.2771 -0.8155  0.5081
 459  0.0469 -0.9210  0.3867
 460  0.9514 -0.0764 -0.2983
 461  0.4776  0.6249 -0.6176
 462  0.3708  0.8391  0.3981
 463 -0.0119  0.4466 -0.8946
 464 -0.9264  0.2338 -0.2952
 465 -0.5165  0.8101 -0.2774
 466  0.2417 -0.9700 -0.0255
 467  0.6476 -0.0247 -0.7615
 468 -0.2226 -0.3074 -0.9252
 469 -0.8083 -0.5349 -0.2461
 470  0.7560  0.2182  0.6172
 471 -0.4784 -0.1508 -0.8651
 472  0.9624 -0.2647  0.0615
 473  0.8231  0.3948 -0.4083
 474  0.4917  0.8057 -0.3303
 475  0.5120 -0.7053 -0.4903
 476  0.9281  0.3108  0.2052
 477 -0.0596 -0.9880  0.1423
 478  0.0850  0.9624  0.2580
 479  0.0675 -0.4596 -0.8856
 480 -0.3247 -0.9184 -0.2259
 481  0.7569 -0.6425 -0.1195
 482  0.4928  0.7255 -0.4804
 483  0.2287 -0.2031 -0.9521
 484 -0.5997  0.7870  0.1445
 485  0.9552  0.1069 -0.2760
 486  0.8884  0.0348  0.4578
 487 -0.0164 -0.0590  0.9981
 488 -0.2168 -0.2280  0.9492
 489  0.5973 -0.1943  0.7781
 490 -0.4530 -0.8864  0.0951
 491  0.4133  0.5380  0.7347
 492  0.3477 -0.6908  0.6340
 493 -0.2460  0.3566 -0.9013
 494 -0.6798  0.2106  0.7025
 495 -0.0577  0.8234 -0.5645
 496 -0.3775  0.2421  0.8938
 497 -0.5466 -0.7722  0.3240
 498  0.8569 -0.3886 -0.3388
 499 -0.1394 -0.8071  0.5737
 500 -0.0396 -0.9299 -0.3657