
       0.045414     0.062507    -0.003930
       0.045384     0.062466     1.096615
       0.044966    -0.864759     0.546216
       0.927021    -0.223746     0.546277
       0.590662     0.812976     0.546274
      -0.499260     0.812508     0.546277
      -0.836330    -0.224459     0.546216
       0.044939    -0.864803    -0.554183
       0.926975    -0.223844    -0.554099
       0.590595     0.812883    -0.553997
      -0.499339     0.812434    -0.554099
      -0.836363    -0.224499    -0.554183
       0.045315     0.062371    -1.104509
       0.044481    -1.794523    -0.004004
       1.810594    -0.511457    -0.003896
       1.137512     1.565650    -0.003840
      -1.045928     1.563929    -0.003896
      -1.720438    -0.512233    -0.004004
       0.044896    -0.865284     1.646477
       0.044828    -0.865400    -1.654474
       0.927322    -0.224010     1.646494
       0.927204    -0.224255    -1.654392
       0.590793     0.813156     1.646357
       0.590624     0.812924    -1.654219
      -0.499604     0.812713     1.646494
      -0.499800     0.812525    -1.654392
      -0.836808    -0.224688     1.646477
      -0.836897    -0.224789    -1.654474
       0.930874    -1.157580     1.096012
       0.930825    -1.157704    -1.103946
       0.930624    -1.157196    -0.003955
       1.479742     0.529207     1.096066
       1.479579     0.528878    -1.103843
       1.479329     0.529039    -0.003857
       0.046041     1.570852     1.096066
       0.045778     1.570595    -1.103843
       0.046009     1.570408    -0.003857
      -1.388580     0.527602     1.096012
      -1.388682     0.527518    -1.103946
      -1.388137     0.527483    -0.003955
      -0.841370    -1.158046     1.095951
      -0.841402    -1.158090    -1.103945
      -0.841085    -1.157653    -0.003988
       0.044465    -1.795019     1.095496
       0.044443    -1.795085    -1.103517
       1.811017    -0.511588     1.095640
       1.810946    -0.511815    -1.103471
       1.137806     1.566054     1.095479
       1.137556     1.565711    -1.103265
      -1.046183     1.564291     1.095640
      -1.046377     1.564153    -1.103471
      -1.720905    -0.512402     1.095496
      -1.720961    -0.512443    -1.103517
       0.045236     0.062262     2.196931
       0.045119     0.062100    -2.204907
       0.044110    -2.726694    -0.552923
       0.044111    -2.726671     0.544877
       2.696167    -0.800701    -0.552869
       2.696179    -0.800593     0.545080
       1.685840     2.320358    -0.552912
       1.686083     2.320693     0.544907
      -1.594672     2.316778    -0.552869
      -1.594573     2.316823     0.545080
      -2.606871    -0.800643    -0.552923
      -2.606849    -0.800634     0.544877
       0.044736    -0.866282     2.746455
       0.044662    -0.866432    -2.754500
       0.044385    -1.796502     2.194867
       0.044367    -1.796605    -2.202919
       0.927824    -0.224595     2.746438
       0.927676    -0.224887    -2.754441
       1.812138    -0.512249     2.195029
       1.812033    -0.512568    -2.202954
       0.590979     0.813412     2.746187
       0.590768     0.813122    -2.754233
       1.138331     1.566778     2.194561
       1.137973     1.566285    -2.202602
      -0.500315     0.813010     2.746438
      -0.500548     0.812779    -2.754441
      -1.047158     1.565152     2.195029
      -1.047429     1.564954    -2.202954
      -0.837707    -0.225149     2.746455
      -0.837827    -0.225266    -2.754500
      -1.722291    -0.512936     2.194867
      -1.722384    -0.512985    -2.202919
       0.931501    -1.158790     2.195769
       0.931441    -1.158979    -2.203761
       1.480710     0.529273     2.195738
       1.480457     0.528788    -2.203673
       0.045805     1.571793     2.195738
       0.045422     1.571403    -2.203673
      -1.389924     0.527825     2.195769
      -1.390086     0.527710    -2.203761
      -0.842202    -1.159191     2.195687
      -0.842250    -1.159257    -2.203725
       1.818322    -1.449935     1.644433
       1.818288    -1.450096    -1.652359
       1.817355    -1.448927    -0.553390
       1.817376    -1.448859     0.545518
       0.933426    -2.092664     1.644361
       0.933411    -2.092766    -1.652364
       0.932820    -2.091377    -0.553427
       0.932832    -2.091335     0.545457
       2.032075     1.284267     1.644438
       2.031690     1.283530    -1.652295
       2.030805     1.283429    -0.553337
       2.030963     1.283723     0.545593
       2.368866     0.242434     1.644629
       2.368705     0.241947    -1.652454
       2.367536     0.242102    -0.553368
       2.367601     0.242307     0.545645
      -0.501451     2.327842     1.644629
      -0.501864     2.327538    -1.652454
      -0.501355     2.326475    -0.553368
      -0.501180     2.326600     0.545645
       0.593465     2.329478     1.644438
       0.592884     2.328885    -1.652295
       0.593061     2.328011    -0.553337
       0.593292     2.328253     0.545593
      -2.278686     0.241073     1.644361
      -2.278778     0.241027    -1.652364
      -2.277275     0.240894    -0.553427
      -2.277239     0.240919     0.545457
      -1.940862     1.281273     1.644433
      -1.941004     1.281191    -1.652359
      -1.939605     1.280666    -0.553390
      -1.939546     1.280706     0.545518
      -0.844862    -2.092903     1.644296
      -0.844867    -2.092929    -1.652344
      -0.844192    -2.091604    -0.553438
      -0.844188    -2.091593     0.545418
      -1.729393    -1.450253     1.644296
      -1.729417    -1.450266    -1.652344
      -1.728365    -1.449215    -0.553438
      -1.728355    -1.449207     0.545418
       0.044079    -2.728024     1.642851
       0.044086    -2.728082    -1.650916
       2.697341    -0.801039     1.643164
       2.697319    -0.801273    -1.651022
       1.686796     2.321674     1.642737
       1.686214     2.320872    -1.650872
      -1.595357     2.317790     1.643164
      -1.595572     2.317697    -1.651022
      -2.608127    -0.801083     1.642851
      -2.608184    -0.801094    -1.650916
       0.045002     0.061940     3.297083
       0.044867     0.061755    -3.305148
       0.043830    -3.661452    -1.099536
       0.043828    -3.660881    -0.004038
       0.043817    -3.661428     1.091451
       3.584313    -1.090954    -1.099585
       3.583799    -1.090735    -0.003875
       3.584292    -1.090815     1.091788
       2.235870     3.077409    -1.100182
       2.235930     3.077491    -0.004528
       2.236504     3.078282     1.091321
      -2.145171     3.071762    -1.099585
      -2.144804     3.071341    -0.003875
      -2.145032     3.071785     1.091788
      -3.495792    -1.089764    -1.099536
      -3.495249    -1.089589    -0.004038
      -3.495766    -1.089770     1.091451
       0.044512    -0.867769     3.846200
       0.044466    -0.867912    -3.854295
       0.044249    -1.798919     3.293861
       0.044268    -1.799021    -3.301952
       0.044007    -2.731050     2.740920
       0.044050    -2.731111    -2.749015
       0.928621    -0.225451     3.846195
       0.928488    -0.225705    -3.854289
       1.813945    -0.513412     3.294067
       1.813861    -0.513661    -3.302083
       2.699922    -0.802225     2.741333
       2.699939    -0.802369    -2.749269
       0.591312     0.813871     3.845891
       0.591104     0.813584    -3.854093
       1.139160     1.567919     3.293340
       1.138802     1.567425    -3.301645
       1.687989     2.323316     2.740350
       1.687357     2.322446    -2.748822
      -0.501376     0.813503     3.846195
      -0.501576     0.813298    -3.854289
      -1.048823     1.566511     3.294067
      -1.049034     1.566355    -3.302083
      -1.597282     2.319878     2.741333
      -1.597424     2.319850    -2.749269
      -0.839053    -0.225821     3.846200
      -0.839174    -0.225910    -3.854295
      -1.724547    -0.513812     3.293861
      -1.724650    -0.513826    -3.301952
      -2.610982    -0.802087     2.740920
      -2.611054    -0.802064    -2.749015
       0.932499    -1.160773     3.295090
       0.932479    -1.160952    -3.303147
       1.482251     0.529275     3.295014
       1.481981     0.528813    -3.303117
       0.045331     1.573259     3.295014
       0.044974     1.572860    -3.303117
      -1.392118     0.528162     3.295090
      -1.392282     0.528087    -3.303147
      -0.843551    -1.161047     3.294984
      -0.843590    -1.161102    -3.303076
       1.820255    -1.452114     2.743018
       1.820269    -1.452259    -2.751018
       0.934507    -2.095422     2.742934
       0.934535    -2.095528    -2.750986
       2.034089     1.284978     2.742865
       2.033628     1.284149    -2.750969
       2.371364     0.242271     2.743267
       2.371181     0.241789    -2.751242
      -0.502377     2.330168     2.743267
      -0.502779     2.329844    -2.751242
       0.593519     2.331613     2.742865
       0.592874     2.330918    -2.750969
      -2.281643     0.241250     2.742934
      -2.281753     0.241243    -2.750986
      -1.943532     1.282438     2.743018
      -1.943674     1.282407    -2.751018
      -0.846130    -2.095587     2.742847
      -0.846118    -2.095609    -2.750941
      -1.731554    -1.452289     2.742847
      -1.731578    -1.452284    -2.750941
       2.707969    -1.743294     2.190470
       2.708003    -1.743354    -2.198412
       2.705867    -1.741320    -1.101023
       2.705373    -1.740686    -0.003920
       2.705884    -1.741236     1.093152
       1.824328    -2.389669     2.191219
       1.824353    -2.389731    -2.199224
       1.822477    -2.387001    -1.101559
       1.821922    -2.386141    -0.003965
       1.822490    -2.386941     1.093607
       0.935968    -3.029925     2.190287
       0.936002    -3.029975    -2.198346
       0.934828    -3.027226    -1.101035
       0.934461    -3.026509    -0.004005
       0.934829    -3.027184     1.093011
       2.585776     2.041479     2.190412
       2.585019     2.040126    -2.198510
       2.583154     2.039519    -1.101228
       2.582812     2.039677    -0.004040
       2.583625     2.040298     1.093209
       2.926192     0.998548     2.191674
       2.925886     0.997703    -2.199543
       2.923207     0.997263    -1.101642
       2.922496     0.997356    -0.003835
       2.923419     0.997834     1.093946
       3.259750    -0.046136     2.190898
       3.259744    -0.046489    -2.198746
       3.256985    -0.046623    -1.101156
       3.256294    -0.046592    -0.003831
       3.257016    -0.046308     1.093426
      -1.051195     3.085950     2.190898
      -1.051529     3.085835    -2.198746
      -1.050803     3.083170    -1.101156
      -1.050560     3.082522    -0.003831
      -1.050513     3.083297     1.093426
       0.045434     3.091542     2.191674
       0.044725     3.090990    -2.199543
       0.045135     3.088306    -1.101642
       0.045443     3.087659    -0.003835
       0.045613     3.088684     1.093946
       1.142515     3.090070     2.190412
       1.141462     3.088933    -2.198510
       1.141461     3.086970    -1.101228
       1.141717     3.086694    -0.004040
       1.142057     3.087659     1.093209
      -3.170860    -0.046138     2.190287
      -3.170918    -0.046122    -2.198346
      -3.167941    -0.046388    -1.101035
      -3.167146    -0.046516    -0.004005
      -3.167901    -0.046375     1.093011
      -2.836458     0.996592     2.191219
      -2.836525     0.996597    -2.199224
      -2.833349     0.995656    -1.101559
      -2.832359     0.995394    -0.003965
      -2.833295     0.995688     1.093607
      -2.494779     2.036726     2.190470
      -2.494845     2.036739    -2.198412
      -2.492252     2.035336    -1.101023
      -2.491496     2.035062    -0.003920
      -2.492177     2.035378     1.093152
      -0.848092    -3.029987     2.190232
      -0.848058    -3.029985    -2.198335
      -0.846853    -3.027282    -1.101040
      -0.846472    -3.026599    -0.004029
      -0.846864    -3.027279     1.092970
      -1.736177    -2.389641     2.191107
      -1.736160    -2.389617    -2.199207
      -1.734231    -2.386963    -1.101582
      -1.733647    -2.386158    -0.004026
      -1.734236    -2.386970     1.093516
      -2.619615    -1.742899     2.190232
      -2.619623    -1.742866    -2.198335
      -2.617425    -1.740886    -1.101040
      -2.616893    -1.740312    -0.004029
      -2.617419    -1.740895     1.092970
       0.043783    -3.663640     2.187559
       0.043830    -3.663669    -2.195664
       3.586263    -1.091517     2.188042
       3.586356    -1.091577    -2.195910
       2.237781     3.080040     2.187436
       2.236721     3.078581    -2.196211
      -2.146309     3.073443     2.188042
      -2.146394     3.073512    -2.195910
      -3.497859    -1.090485     2.187559
      -3.497901    -1.090449    -2.195664
       0.044718     0.061549     4.397431
       0.044594     0.061379    -4.405568
       0.043618    -4.599086    -1.643758
       0.043601    -4.598263    -0.550623
       0.043590    -4.598257     0.542515
       0.043576    -4.599078     1.635638
       4.475534    -1.381743    -1.643871
       4.474711    -1.381632    -0.550526
       4.474705    -1.381551     0.542796
       4.475435    -1.381673     1.636075
       2.788245     3.837688    -1.645407
       2.788097     3.837485    -0.552372
       2.788349     3.837831     0.541207
       2.789244     3.839062     1.635188
      -2.697130     3.829505    -1.643871
      -2.696770     3.828757    -0.550526
      -2.696691     3.828776     0.542796
      -2.697032     3.829432     1.636075
      -4.387470    -1.379710    -1.643758
      -4.386682    -1.379472    -0.550623
      -4.386674    -1.379481     0.542515
      -4.387449    -1.379748     1.635638
       0.044264    -0.870006     4.946213
       0.044269    -0.870106    -4.954347
       0.044085    -1.802567     4.392588
       0.044160    -1.802634    -4.400714
       0.043907    -2.735941     3.838578
       0.044008    -2.735974    -3.846704
       0.043727    -3.669246     3.284514
       0.043829    -3.669253    -3.292642
       0.930051    -0.226578     4.946288
       0.929974    -0.226736    -4.954428
       1.816808    -0.515055     4.392907
       1.816804    -0.515130    -4.400957
       2.704152    -0.804158     3.839127
       2.704269    -0.804035    -3.847076
       3.591366    -1.093455     3.285148
       3.591578    -1.093170    -3.293024
       0.592016     0.814839     4.946012
       0.591844     0.814603    -4.954298
       1.140576     1.569868     4.392095
       1.140266     1.569441    -4.400577
       1.689963     2.326033     3.837714
       1.689415     2.325279    -3.846520
       2.240092     3.083220     3.283459
       2.239106     3.081864    -3.292707
      -0.502890     0.814514     4.946288
      -0.503017     0.814393    -4.954428
      -1.051270     1.568727     4.392907
      -1.051340     1.568700    -4.400957
      -1.600427     2.323304     3.839127
      -1.600346     2.323453    -3.847076
      -2.149729     3.077697     3.285148
      -2.149523     3.077986    -3.293024
      -0.841103    -0.226749     4.946213
      -0.841200    -0.226775    -4.954347
      -1.727966    -0.515096     4.392588
      -1.728053    -0.515045    -4.400714
      -2.615603    -0.803693     3.838578
      -2.615666    -0.803607    -3.846704
      -3.503173    -1.092270     3.284514
      -3.503212    -1.092176    -3.292642
       0.933987    -1.163568     4.393982
       0.934043    -1.163680    -4.402088
       1.484555     0.529389     4.393989
       1.484343     0.529065    -4.402193
       0.044727     1.575486     4.393989
       0.044485     1.575185    -4.402193
      -1.395237     0.528713     4.393982
      -1.395360     0.528732    -4.402088
      -0.845468    -1.163687     4.393844
      -0.845480    -1.163702    -4.401987
       1.823312    -1.455386     3.840854
       1.823428    -1.455419    -3.848912
       0.936096    -2.099694     3.840740
       0.936203    -2.099753    -3.848839
       2.037151     1.286055     3.840678
       2.036736     1.285413    -3.849001
       2.375261     0.241865     3.841224
       2.375152     0.241641    -3.849279
      -0.503967     2.333748     3.841224
      -0.504147     2.333575    -3.849279
       0.593598     2.334858     3.840678
       0.593115     2.334265    -3.849001
      -2.286198     0.241441     3.840740
      -2.286286     0.241524    -3.848839
      -1.947588     1.284335     3.840854
      -1.947655     1.284435    -3.848912
      -0.847983    -2.099749     3.840636
      -0.847937    -2.099745    -3.848775
      -1.734940    -1.455337     3.840636
      -1.734950    -1.455291    -3.848775
       2.712243    -1.746748     3.287286
       2.712399    -1.746647    -3.295291
       1.827438    -2.394329     3.288061
       1.827558    -2.394317    -3.296125
       0.937568    -3.035276     3.287055
       0.937673    -3.035291    -3.295154
       2.589297     2.043318     3.286966
       2.588521     2.042067    -3.295447
       2.930874     0.999256     3.288670
       2.930627     0.998702    -3.296739
       3.264953    -0.046667     3.287880
       3.265048    -0.046656    -3.295775
      -1.053308     3.090735     3.287880
      -1.053327     3.090828    -3.295775
       0.044660     3.096214     3.288670
       0.044210     3.095807    -3.296739
       1.143176     3.093988     3.286966
       1.142226     3.092862    -3.295447
      -3.176444    -0.046270     3.287055
      -3.176490    -0.046175    -3.295154
      -2.841851     0.998110     3.288061
      -2.841877     0.998228    -3.296125
      -2.499384     2.039723     3.287286
      -2.499336     2.039903    -3.295291
      -0.849841    -3.035270     3.286991
      -0.849770    -3.035247    -3.295131
      -1.739470    -2.394174     3.287930
      -1.739433    -2.394123    -3.296071
      -2.624099    -1.746195     3.286991
      -2.624100    -1.746121    -3.295131
       3.600656    -2.037839     2.733488
       3.600803    -2.037650    -2.741448
       3.596604    -2.034400    -1.645894
       3.595642    -2.033277    -0.551182
       3.595655    -2.033248     0.543342
       3.596585    -2.034395     1.638001
       2.718190    -2.687936     2.734937
       2.718293    -2.687833    -2.742966
       2.714182    -2.683238    -1.647229
       2.712642    -2.681260    -0.551640
       2.712653    -2.681244     0.543715
       2.714175    -2.683235     1.639262
       1.830500    -3.332337     2.734849
       1.830589    -3.332295    -2.742919
       1.827474    -3.326934    -1.647216
       1.826087    -3.324822    -0.551661
       1.826091    -3.324810     0.543666
       1.827460    -3.326921     1.639192
       0.938773    -3.970222     2.733174
       0.938860    -3.970211    -2.741277
       0.936924    -3.965172    -1.645832
       0.936099    -3.963874    -0.551236
       0.936095    -3.963864     0.543182
       0.936896    -3.965156     1.637758
       3.141747     2.801358     2.733505
       3.140264     2.799111    -2.742067
       3.137218     2.797620    -1.646887
       3.136416     2.797506    -0.552064
       3.136678     2.797875     0.542982
       3.138198     2.799025     1.638257
       3.485213     1.756677     2.735760
       3.484679     1.755476    -2.743751
       3.479782     1.753798    -1.647606
       3.477954     1.753538    -0.551782
       3.478119     1.753862     0.543972
       3.480276     1.754932     1.639894
       3.823029     0.710846     2.735871
       3.823089     0.710561    -2.743644
       3.817231     0.709291    -1.647567
       3.814934     0.708775    -0.551584
       3.815010     0.709043     0.544104
       3.817302     0.709901     1.639940
       4.153960    -0.335446     2.734023
       4.154203    -0.335337    -2.741804
       4.148832    -0.335884    -1.646100
       4.147346    -0.336313    -0.551168
       4.147350    -0.336148     0.543542
       4.148736    -0.335606     1.638371
      -1.602670     3.846993     2.734023
      -1.602641     3.847258    -2.741804
      -1.601503     3.841981    -1.646100
      -1.601451     3.840435    -0.551168
      -1.601296     3.840489     0.543542
      -1.601208     3.841976     1.638371
      -0.505324     3.855581     2.735871
      -0.505614     3.855550    -2.743644
      -0.505011     3.849586    -1.647567
      -0.504793     3.847242    -0.551584
      -0.504561     3.847397     0.544104
      -0.504453     3.849841     1.639940
       0.593711     3.857478     2.735760
       0.592734     3.856598    -2.743751
       0.592651     3.851422    -1.647606
       0.592969     3.849603    -0.551782
       0.593226     3.849861     0.543972
       0.593577     3.852242     1.639894
       1.693399     3.853645     2.733505
       1.691720     3.851541    -2.742067
       1.691243     3.848183    -1.646887
       1.691383     3.847385    -0.552064
       1.691653     3.847748     0.542982
       1.692277     3.849549     1.638257
      -4.066002    -0.334038     2.733174
      -4.066019    -0.333951    -2.741277
      -4.060628    -0.334236    -1.645832
      -4.059139    -0.334619    -0.551236
      -4.059128    -0.334620     0.543182
      -4.060604    -0.334258     1.637758
      -3.734896     0.711163     2.734849
      -3.734884     0.711259    -2.742919
      -3.728822     0.709954    -1.647216
      -3.726385     0.709287    -0.551661
      -3.726375     0.709295     0.543666
      -3.728806     0.709944     1.639192
      -3.396345     1.754536     2.734937
      -3.396279     1.754666    -2.742966
      -3.390638     1.752176    -1.647229
      -3.388282     1.751323    -0.551640
      -3.388270     1.751338     0.543715
      -3.390633     1.752171     1.639262
      -3.050762     2.794702     2.733488
      -3.050628     2.794900    -2.741448
      -3.046240     2.791911    -1.645894
      -3.044874     2.791343    -0.551182
      -3.044850     2.791365     0.543342
      -3.046229     2.791895     1.638001
      -0.851424    -3.970160     2.733135
      -0.851348    -3.970127    -2.741282
      -0.849434    -3.965116    -1.645841
      -0.848624    -3.963843    -0.551255
      -0.848635    -3.963848     0.543154
      -0.849471    -3.965132     1.637722
      -1.742920    -3.332084     2.734772
      -1.742861    -3.332026    -2.742920
      -1.739753    -3.326700    -1.647237
      -1.738367    -3.324624    -0.551703
      -1.738377    -3.324634     0.543605
      -1.739785    -3.326732     1.639119
      -2.630410    -2.687284     2.734772
      -2.630373    -2.687210    -2.742920
      -2.626268    -2.682609    -1.647237
      -2.624722    -2.680650    -0.551703
      -2.624729    -2.680662     0.543605
      -2.626288    -2.682649     1.639119
      -3.512744    -2.036598     2.733135
      -3.512736    -2.036515    -2.741282
      -3.508561    -2.033146    -1.645841
      -3.507601    -2.031983    -0.551255
      -3.507602    -2.031994     0.543154
      -3.508564    -2.033186     1.637722
       0.043550    -4.601521     2.729656
       4.477659    -1.382409     2.730239
       2.791344     3.841953     2.729557
      -2.698420     3.831321     2.730239
      -4.389765    -1.380527     2.729656
       0.044414     0.061131     5.498774
       0.044034    -0.873761     6.048573
       0.043931    -1.808337     5.492666
       0.043809    -2.743669     4.936755
       0.043669    -3.679032     4.381594
       0.932948    -0.228118     6.048780
       1.821693    -0.517282     5.493148
       2.711056    -0.806941     4.937471
       3.600405    -1.096734     4.382396
       0.593614     0.817040     6.048617
       1.143188     1.573463     5.492520
       1.693409     2.330776     4.936162
       2.244240     3.088929     4.380220
      -0.505249     0.816794     6.048780
      -1.054897     1.572684     5.493148
      -1.605207     2.329010     4.937471
      -2.155641     3.085281     4.382396
      -0.844604    -0.228128     6.048573
      -1.733407    -0.517025     5.492666
      -2.622923    -0.806174     4.936755
      -3.512462    -1.095350     4.381594
       0.936270    -1.167431     5.493525
       1.488109     0.529947     5.493761
       0.044160     1.579038     5.493761
      -1.399616     0.529691     5.493525
      -0.848174    -1.167410     5.493352
       1.827849    -1.459842     4.938541
       0.938339    -2.105762     4.938381
       2.041662     1.288049     4.938651
       2.381015     0.241529     4.939134
      -0.506066     2.339117     4.939134
       0.594100     2.339765     4.938651
      -2.292661     0.241698     4.938381
      -1.953228     1.287273     4.938541
      -0.850497    -2.105703     4.938264
      -1.739826    -1.459568     4.938264
       2.719110    -1.751598     4.383396
       1.831918    -2.400952     4.384217
       0.939621    -3.043570     4.383098
       2.594497     2.046496     4.383303
       2.937685     1.000367     4.385196
       3.273039    -0.047776     4.384197
      -1.056861     3.098082     4.384197
       0.043613     3.103035     4.385196
       1.144592     3.099915     4.383303
      -3.184966    -0.046881     4.383098
      -2.849534     1.000324     4.384217
      -2.506119     2.044755     4.383396
      -0.852062    -3.043479     4.383029
      -1.744170    -2.400642     4.384068
      -2.631220    -1.750845     4.383029
       3.609797    -2.042996     3.828461
       2.724960    -2.694805     3.829768
       1.834650    -3.341112     3.829660
       0.940604    -3.980693     3.828070
       3.147349     2.805436     3.828324
       3.492759     1.759200     3.831044
       3.832236     0.711320     3.831051
       4.164301    -0.337204     3.829177
      -1.607538     3.856285     3.829177
      -0.507718     3.864483     3.831051
       0.593779     3.865434     3.831044
       1.695546     3.860234     3.828324
      -4.076527    -0.335532     3.828070
      -3.744524     0.712397     3.829660
      -3.404970     1.758853     3.829768
      -3.058492     2.801802     3.828461
      -0.853353    -3.980574     3.828030
      -1.747201    -3.340761     3.829584
      -2.637339    -2.694037     3.829584
      -3.522051    -2.041650     3.828030
       4.488765    -2.326712    -1.095717
       4.488357    -2.326314    -0.003916
       4.488775    -2.326692     1.087859
       4.489735    -2.328372     2.179413
       3.617473    -2.988062     3.275094
       3.608932    -2.980721    -2.189477
       3.605795    -2.977326    -1.096498
       3.605115    -2.976522    -0.003967
       3.605811    -2.977343     1.088543
       3.608880    -2.980862     2.181471
       2.729093    -3.636878     3.275868
       2.722943    -3.628063    -2.190149
       2.719969    -3.624046    -1.096877
       2.719232    -3.623041    -0.003998
       2.719974    -3.624063     1.088865
       2.722892    -3.628158     2.182098
       1.836857    -4.280545     3.274896
       1.832868    -4.269955    -2.189396
       1.830459    -4.265919    -1.096484
       1.829868    -4.265006    -0.004022
       1.830449    -4.265926     1.088430
       1.832807    -4.270005     2.181314
       0.937980    -4.904070    -1.095702
       0.937664    -4.903537    -0.004044
       0.937958    -4.904070     1.087608
       0.939297    -4.905579     2.179066
       3.693875     3.557458    -1.098573
       3.693498     3.557382    -0.005780
       3.694131     3.558168     1.087421
       3.696395     3.560367     2.180699
       4.047310     2.517754     3.277118
       4.038406     2.511793    -2.190722
       4.035602     2.510872    -1.097603
       4.034906     2.510699    -0.004315
       4.035912     2.511541     1.089212
       4.039517     2.513804     2.182978
       4.389408     1.470208     3.277522
       4.379646     1.466984    -2.190730
       4.375056     1.465287    -1.096877
       4.374106     1.465194    -0.003587
       4.375310     1.466043     1.089723
       4.379721     1.467850     2.183355
       4.726041     0.422113     3.276137
       4.715121     0.421482    -2.189826
       4.710486     0.420082    -1.096497
       4.709485     0.419955    -0.003705
       4.710500     0.420566     1.089083
       4.714916     0.421794     2.182264
       5.041702    -0.626102    -1.095678
       5.041074    -0.626191    -0.003792
       5.041629    -0.625834     1.088091
       5.043374    -0.624805     2.179748
      -2.153428     4.601468    -1.095678
      -2.153318     4.600843    -0.003792
      -2.153150     4.601482     1.088091
      -2.152711     4.603459     2.179748
      -1.058972     4.625173     3.276137
      -1.056197     4.614592    -2.189826
      -1.056096     4.609752    -1.096497
      -1.055908     4.608760    -0.003705
      -1.055640     4.609914     1.089083
      -1.055837     4.614493     2.182264
       0.041852     4.628894     3.277522
       0.041803     4.618614    -2.190730
       0.041606     4.613724    -1.096877
       0.041812     4.612792    -0.003587
       0.042247     4.614199     1.089723
       0.042602     4.618952     2.183355
       1.143841     4.627249     3.277118
       1.140923     4.616939    -2.190722
       1.140915     4.613987    -1.097603
       1.140965     4.613271    -0.004315
       1.141455     4.614489     1.089212
       1.142493     4.618617     2.182978
       2.241876     4.612398    -1.098573
       2.241920     4.612016    -0.005780
       2.242472     4.612861     1.087421
       2.243864     4.615693     2.180699
      -4.953900    -0.623367    -1.095702
      -4.953295    -0.623502    -0.004044
      -4.953893    -0.623388     1.087608
      -4.955742    -0.622580     2.179066
      -4.638660     0.424196     3.274896
      -4.627355     0.423675    -2.189396
      -4.622773     0.422631    -1.096484
      -4.621721     0.422351    -0.004022
      -4.622777     0.422620     1.088430
      -4.627385     0.423601     2.181314
      -4.302212     1.471667     3.275868
      -4.291928     1.468542    -2.190149
      -4.287189     1.466954    -1.096877
      -4.286005     1.466564    -0.003998
      -4.287206     1.466954     1.088865
      -4.292002     1.468464     2.182098
      -3.959675     2.517062     3.275094
      -3.950054     2.511207    -2.189477
      -3.945856     2.509272    -1.096498
      -3.944881     2.508874    -0.003967
      -3.945877     2.509282     1.088543
      -3.950172     2.511114     2.181471
      -3.599938     3.550077    -1.095717
      -3.599433     3.549813    -0.003916
      -3.599922     3.550093     1.087859
      -3.601816     3.550487     2.179413
      -0.850910    -4.903963    -1.095725
      -0.850625    -4.903443    -0.004068
      -0.850940    -4.903981     1.087583
      -0.852311    -4.905475     2.179041
      -1.749727    -4.280153     3.274854
      -1.745543    -4.269616    -2.189426
      -1.743180    -4.265593    -1.096523
      -1.742612    -4.264696    -0.004069
      -1.743209    -4.265622     1.088378
      -1.745605    -4.269673     2.181263
      -2.641770    -3.636082     3.275769
      -2.635429    -3.627355    -2.190161
      -2.632496    -3.623317    -1.096920
      -2.631770    -3.622319    -0.004069
      -2.632521    -3.623352     1.088774
      -2.635480    -3.627425     2.181997
      -3.529973    -2.986727     3.274854
      -3.521245    -2.979492    -2.189426
      -3.518149    -2.976002    -1.096523
      -3.517472    -2.975184    -0.004069
      -3.518168    -2.976038     1.088378
      -3.521280    -2.979569     2.181263
      -4.401001    -2.324669    -1.095725
      -4.400595    -2.324238    -0.004068
      -4.401009    -2.324703     1.087583
      -4.402006    -2.326469     2.179041
       0.043643    -4.601515    -2.737793
       4.477902    -1.382134    -2.738070
       2.789645     3.839614    -2.739240
      -2.698234     3.831637    -2.738070
      -4.389788    -1.380437    -2.737793
       0.044326     0.061010    -5.506947
       0.043462    -5.540992    -2.188240
       0.043425    -5.539871    -1.096850
       0.043406    -5.539237    -0.004065
       0.043395    -5.539874     1.088714
       0.043380    -5.541006     2.180092
       5.371124    -1.673322    -2.188360
       5.369933    -1.673377    -1.096785
       5.369305    -1.673211    -0.003847
       5.369896    -1.673240     1.089082
       5.370921    -1.673411     2.180579
       3.346442     4.605980    -2.189720
       3.345804     4.605101    -1.099055
       3.345595     4.604814    -0.007253
       3.346034     4.605418     1.084916
       3.347402     4.607301     2.176917
      -3.251190     4.591160    -2.188360
      -3.250874     4.590010    -1.096785
      -3.250522     4.589464    -0.003847
      -3.250732     4.590016     1.089082
      -3.251212     4.590938     2.180579
      -5.283228    -1.670923    -2.188240
      -5.282151    -1.670612    -1.096850
      -5.281542    -1.670434    -0.004065
      -5.282144    -1.670642     1.088714
      -5.283216    -1.671005     2.180092
       0.044098    -0.873797    -6.056731
       0.044060    -1.808350    -5.500817
       0.043965    -2.743658    -4.944903
       0.043827    -3.679002    -4.389742
       0.043517    -4.612743     3.827273
       0.043670    -4.612703    -3.835421
       0.932963    -0.228157    -6.056906
       1.821809    -0.517166    -5.501158
       2.711305    -0.806539    -4.945347
       3.600756    -1.096060    -4.390183
       4.488197    -1.385979     3.828012
       4.488587    -1.385181    -3.835759
       0.593514     0.816902    -6.056886
       1.142979     1.573175    -5.501011
       1.693002     2.330216    -4.945081
       2.243476     3.087878    -4.389924
       2.795852     3.848158     3.824732
       2.794380     3.846131    -3.835530
      -0.505291     0.816796    -6.056906
      -1.054823     1.572831    -5.501158
      -1.604902     2.329370    -4.945347
      -2.155108     3.085822    -4.390183
      -2.705071     3.840240     3.828012
      -2.704433     3.840857    -3.835759
      -0.844658    -0.228078    -6.056731
      -1.733459    -0.516907    -5.500817
      -2.622960    -0.806023    -4.944903
      -3.512483    -1.095190    -4.389742
      -4.400428    -1.384026     3.827273
      -4.400437    -1.383869    -3.835421
       0.936413    -1.167453    -5.501658
       1.488037     0.529821    -5.501947
       0.044062     1.578931    -5.501947
      -1.399681     0.529819    -5.501658
      -0.848147    -1.167374    -5.501532
       1.828078    -1.459732    -4.946628
       0.938526    -2.105748    -4.946516
       2.041450     1.287738    -4.947001
       2.381088     0.241646    -4.947116
      -0.505976     2.339223    -4.947116
       0.593870     2.339467    -4.947001
      -2.292705     0.241880    -4.946516
      -1.953194     1.287525    -4.946628
      -0.850413    -2.105661    -4.946439
      -1.739812    -1.459475    -4.946439
       2.719408    -1.751283    -4.391425
       1.832150    -2.400827    -4.392328
       0.939806    -3.043525    -4.391233
       2.593970     2.045791    -4.391992
       2.937703     1.000434    -4.393209
       3.273316    -0.047260    -4.391970
      -1.056456     3.098505    -4.391970
       0.043670     3.103072    -4.393209
       1.144084     3.099196    -4.391992
      -3.184981    -0.046691    -4.391233
      -2.849487     1.000583    -4.392328
      -2.505911     2.045135    -4.391425
      -0.851951    -3.043428    -4.391199
      -1.744107    -2.400556    -4.392244
      -2.631206    -1.750723    -4.391199
       3.610117    -2.042513    -3.836446
       2.725204    -2.694535    -3.837849
       1.834842    -3.340978    -3.837775
       0.940769    -3.980630    -3.836201
       3.145987     2.803871    -3.837618
       3.492592     1.759059    -3.839174
       3.832556     0.711950    -3.838709
       4.164708    -0.336408    -3.836842
      -1.606907     3.856918    -3.836842
      -0.507218     3.864983    -3.838709
       0.593696     3.865231    -3.839174
       1.694478     3.858454    -3.837618
      -4.076518    -0.335356    -3.836201
      -3.744456     0.712622    -3.837775
      -3.404789     1.759168    -3.837849
      -3.058132     2.802256    -3.836446
      -0.853233    -3.980517    -3.836200
      -1.747112    -3.340675    -3.837760
      -2.637285    -2.693926    -3.837760
      -3.522034    -2.041518    -3.836200
       4.498910    -2.334394     3.273436
       4.499188    -2.333875    -3.281395
       4.489817    -2.328216    -2.187330
       3.617680    -2.987695    -3.283151
       2.729262    -3.636646    -3.283966
       1.837010    -4.280413    -3.283011
       0.942108    -4.916296     3.273003
       0.942256    -4.916230    -3.281134
       0.939369    -4.905560    -2.187180
       3.701883     3.565180     3.274344
       3.697175     3.562757    -3.284259
       3.694291     3.558437    -2.190558
       4.046235     2.516962    -3.285398
       4.389691     1.470827    -3.284879
       4.726462     0.422945    -3.283650
       5.054364    -0.625489     3.273887
       5.054813    -0.624716    -3.281503
       5.043670    -0.624867    -2.187431
      -2.156757     4.613700     3.273887
      -2.156161     4.614366    -3.281503
      -2.152861     4.603722    -2.187431
      -1.058310     4.625830    -3.283650
       0.042353     4.629355    -3.284879
       1.143420     4.625982    -3.285398
       2.246745     4.622400     3.274344
       2.245896     4.617174    -3.284259
       2.242678     4.613096    -2.190558
      -4.966803    -0.623218     3.273003
      -4.966786    -0.623058    -3.281134
      -4.955746    -0.622505    -2.187180
      -4.638582     0.424383    -3.283011
      -4.302043     1.471900    -3.283966
      -3.959389     2.517371    -3.283151
      -3.610378     3.557352     3.273436
      -3.609971     3.557777    -3.281395
      -3.601693     3.550613    -2.187330
      -0.855176    -4.916156     3.272980
      -0.855058    -4.916098    -3.281156
      -0.852241    -4.905438    -2.187201
      -1.749629    -4.280068    -3.283037
      -2.641694    -3.635977    -3.283954
      -3.529924    -2.986608    -3.283037
      -4.411279    -2.332494     3.272980
      -4.411261    -2.332363    -3.281156
      -4.401993    -2.326391    -2.187201
       5.386057    -2.623387    -1.638699
       5.385126    -2.621875    -0.549183
       5.385138    -2.621832     0.541365
       5.386055    -2.623389     1.630826
       4.509752    -3.281596    -2.727070
       4.502890    -3.276169    -1.637429
       4.501545    -3.274292    -0.548506
       4.501566    -3.274294     0.540539
       4.502904    -3.276253     1.629422
       4.509640    -3.281929     2.719017
       3.623582    -3.932052    -2.729371
       3.617792    -3.925978    -1.638853
       3.616072    -3.923701    -0.548999
       3.616086    -3.923715     0.540967
       3.617791    -3.926069     1.630794
       3.623469    -3.932324     2.721274
       2.732951    -4.578566    -2.729301
       2.728711    -4.571284    -1.638813
       2.726958    -4.568984    -0.548997
       2.726960    -4.568996     0.540934
       2.728688    -4.571353     1.630732
       2.732829    -4.578755     2.721192
       1.839914    -5.219704    -2.726874
       1.836507    -5.211525    -1.637320
       1.834962    -5.209657    -0.548510
       1.834955    -5.209664     0.540425
       1.836465    -5.211566     1.629222
       1.839785    -5.219820     2.718756
       0.942071    -5.849177    -1.638593
       0.940696    -5.847791    -0.549249
       0.940683    -5.847795     0.541137
       0.942017    -5.849197     1.630471
       4.264457     4.321427    -1.645495
       4.262638     4.321320    -0.553896
       4.262171     4.321750     0.538143
       4.263207     4.323555     1.629958
       4.601428     3.272551    -2.732418
       4.599830     3.268984    -1.642687
       4.597812     3.268140    -0.551505
       4.597657     3.268308     0.540244
       4.599480     3.270292     1.631974
       4.604561     3.275377     2.723907
       4.947043     2.228518    -2.729819
       4.939691     2.223207    -1.638641
       4.937521     2.222671    -0.548508
       4.937679     2.223103     0.541914
       4.940066     2.225050     1.632438
       4.946804     2.228690     2.723494
       5.286613     1.181831    -2.729678
       5.278280     1.178557    -1.638789
       5.275666     1.177731    -0.548694
       5.275702     1.178027     0.541565
       5.278224     1.179668     1.631764
       5.286206     1.181486     2.722501
       5.620558     0.134501    -2.727056
       5.611624     0.132698    -1.637265
       5.609340     0.131774    -0.548266
       5.609290     0.131959     0.540890
       5.611405     0.133313     1.629938
       5.620163     0.134094     2.719648
       5.941791    -0.914693    -1.638508
       5.939981    -0.915671    -0.549038
       5.939922    -0.915547     0.541485
       5.941584    -0.914341     1.630978
      -2.706036     5.368325    -1.638508
      -2.706407     5.366302    -0.549038
      -2.706271     5.366283     0.541485
      -2.705638     5.368236     1.630978
      -1.608927     5.387032    -2.727056
      -1.607881     5.377978    -1.637265
      -1.608054     5.375521    -0.548266
      -1.607863     5.375530     0.540890
      -1.607228     5.377960     1.629938
      -1.609192     5.386530     2.719648
      -0.509662     5.393074    -2.729678
      -0.510202     5.384137    -1.638789
      -0.510179     5.381395    -0.548694
      -0.509908     5.381521     0.541565
      -0.509127     5.384427     1.631764
      -0.509865     5.392580     2.722501
       0.590729     5.393567    -2.729819
       0.587950     5.384934    -1.638641
       0.588111     5.382704    -0.548508
       0.588473     5.382988     0.541914
       0.589586     5.385860     1.632438
       0.590966     5.393393     2.723494
       1.690465     5.387491    -2.732418
       1.687565     5.384869    -1.642687
       1.687387     5.382689    -0.551505
       1.687594     5.382594     0.540244
       1.688918     5.384940     1.631974
       1.692184     5.391344     2.723907
       2.792135     5.391133    -1.645495
       2.792595     5.389369    -0.553896
       2.793148     5.389058     0.538143
       2.794545     5.390601     1.629958
      -5.854014    -0.911529    -1.638593
      -5.852271    -0.912409    -0.549249
      -5.852271    -0.912422     0.541137
      -5.854017    -0.911587     1.630471
      -5.532799     0.136888    -2.726874
      -5.523966     0.136175    -1.637320
      -5.521713     0.135283    -0.548510
      -5.521717     0.135274     0.540425
      -5.523992     0.136123     1.629222
      -5.532868     0.136730     2.718756
      -5.199002     1.184339    -2.729301
      -5.190767     1.182556    -1.638813
      -5.188037     1.181600    -0.548997
      -5.188050     1.181599     0.540934
      -5.190825     1.182513     1.630732
      -5.199145     1.184165     2.721192
      -4.859351     2.231163    -2.729371
      -4.851785     2.227533    -1.638853
      -4.849088     2.226601    -0.548999
      -4.849106     2.226610     0.540967
      -4.851872     2.227504     1.630794
      -4.859575     2.230972     2.721274
      -4.514571     3.274963    -2.727070
      -4.507290     3.270113    -1.637429
      -4.505089     3.269414    -0.548506
      -4.505097     3.269434     0.540539
      -4.507374     3.270101     1.629422
      -4.514853     3.274753     2.719017
      -4.159370     4.311775    -1.638699
      -4.157644     4.311358    -0.549183
      -4.157608     4.311382     0.541365
      -4.159372     4.311773     1.630826
      -0.855304    -5.849023    -1.638630
      -0.853989    -5.847646    -0.549280
      -0.854004    -5.847658     0.541113
      -0.855357    -5.849058     1.630452
      -1.752886    -5.219315    -2.726926
      -1.749574    -5.211129    -1.637371
      -1.748084    -5.209266    -0.548559
      -1.748100    -5.209283     0.540381
      -1.749625    -5.211179     1.629184
      -1.752978    -5.219395     2.718727
      -2.645752    -4.577839    -2.729332
      -2.641607    -4.570507    -1.638856
      -2.639903    -4.568189    -0.549052
      -2.639919    -4.568209     0.540870
      -2.641655    -4.570566     1.630666
      -2.645832    -4.577934     2.721130
      -3.536203    -3.930887    -2.729332
      -3.530511    -3.924680    -1.638856
      -3.528833    -3.922344    -0.549052
      -3.528847    -3.922365     0.540870
      -3.530553    -3.924744     1.630666
      -3.536269    -3.930993     2.721130
      -4.422194    -3.279949    -2.726926
      -4.415431    -3.274269    -1.637371
      -4.414120    -3.272276    -0.548559
      -4.414132    -3.272296     0.540381
      -4.415463    -3.274333     1.629184
      -4.422241    -3.280060     2.718727
      -5.298449    -2.620887    -1.638630
      -5.297546    -2.619210    -0.549280
      -5.297552    -2.619229     0.541113
      -5.298466    -2.620949     1.630452
      -5.299406    -2.622873     2.716584
       0.043369    -5.540993     3.271887
       0.043512    -5.540960    -3.280046
       5.370857    -1.673369     3.272506
       5.371254    -1.672677    -3.280273
       3.350738     4.611893     3.269686
       3.349226     4.609812    -3.281214
      -3.251152     4.590891     3.272506
      -3.250617     4.591483    -3.280273
      -5.283200    -1.671012     3.271887
      -5.283213    -1.670866    -3.280046
       5.387089    -2.624867    -2.724965
       5.386963    -2.625182     2.717041
       0.943666    -5.850649    -2.724737
       0.943531    -5.850696     2.716594
       4.265605     4.324329    -2.736234
       4.265381     4.328402     2.721780
       5.943924    -0.912858    -2.724858
       5.943390    -0.913189     2.717228
      -2.704950     5.370920    -2.724858
      -2.705100     5.370311     2.717228
       2.794540     5.393121    -2.736234
       2.798482     5.394167     2.721780
      -5.855907    -0.910468    -2.724737
      -5.855910    -0.910610     2.716594
      -4.161096     4.312300    -2.724965
      -4.161357     4.312083     2.717041
      -0.856798    -5.850492    -2.724774
      -0.856897    -5.850547     2.716584
      -5.299384    -2.622762    -2.724774
       0.044123     0.060731     6.603073
       0.044092     0.060688    -6.611245
       0.043853    -0.875208     7.168497
       0.043958    -0.875169    -7.176659
       0.043814    -1.818429     6.604194
       0.043969    -1.818384    -6.612354
       0.043737    -2.758178     6.044324
       0.043922    -2.758119    -6.052482
       0.043627    -3.697760     5.485941
       0.043825    -3.697689    -5.494097
       0.043496    -4.638764     4.927642
       0.043694    -4.638685    -4.935797
       0.933722    -0.228799     7.168858
       0.933871    -0.228751    -7.176894
       1.830765    -0.520659     6.604831
       1.831016    -0.520416    -6.612747
       2.724447    -0.811659     6.045186
       2.724816    -0.811092    -6.052951
       3.617949    -1.102685     5.486889
       3.618402    -1.101789    -5.494551
       4.512781    -1.394100     4.928529
       4.513268    -1.392979    -4.936148
       0.593942     0.817491     7.168857
       0.593931     0.817475    -7.176990
       1.148411     1.580651     6.604638
       1.148386     1.580616    -6.612875
       1.700776     2.340916     6.044735
       1.700728     2.340850    -6.053182
       2.252970     3.100946     5.486292
       2.252929     3.100889    -5.495112
       2.805933     3.862033     4.928067
       2.806043     3.862185    -4.937457
      -0.506137     0.817320     7.168858
      -0.506137     0.817476    -7.176894
      -1.060913     1.580269     6.604831
      -1.060759     1.580582    -6.612747
      -1.613833     2.340288     6.045186
      -1.613408     2.340814    -6.052951
      -2.166722     3.100127     5.486889
      -2.166009     3.100835    -5.494551
      -2.720392     3.861111     4.928529
      -2.719476     3.861920    -4.936148
      -0.845923    -0.228747     7.168497
      -0.845919    -0.228635    -7.176659
      -1.742968    -0.520255     6.604194
      -1.742974    -0.520094    -6.612354
      -2.636699    -0.810726     6.044324
      -2.636700    -0.810532    -6.052482
      -3.530261    -1.101177     5.485941
      -3.530254    -1.100967    -5.494097
      -4.425169    -1.392087     4.927642
      -4.425154    -1.391875    -4.935797
       0.940490    -1.173802     6.601097
       0.940694    -1.173751    -6.609234
       1.494794     0.531741     6.601612
       1.494912     0.531808    -6.609657
       0.043800     1.585950     6.601612
       0.043827     1.586083    -6.609657
      -1.406979     0.531735     6.601097
      -1.406994     0.531945    -6.609234
      -0.852739    -1.173694     6.600893
      -0.852681    -1.173614    -6.609094
       1.835880    -1.467226     6.042666
       1.836194    -1.467006    -6.050760
       0.942412    -2.116010     6.042464
       0.942647    -2.115934    -6.050620
       2.050183     1.292753     6.043278
       2.050332     1.292817    -6.051364
       2.391410     0.241934     6.043492
       2.391713     0.242297    -6.051289
      -0.508892     2.349128     6.043492
      -0.508640     2.349528    -6.051289
       0.595941     2.349322     6.043278
       0.595956     2.349484    -6.051364
      -2.303666     0.242405     6.042464
      -2.303666     0.242652    -6.050620
      -1.962733     1.292629     6.042666
      -1.962620     1.292996    -6.050760
      -0.854789    -2.115865     6.042339
      -0.854679    -2.115790    -6.050534
      -1.748164    -1.466790     6.042339
      -1.748126    -1.466662    -6.050534
       2.730497    -1.759448     5.484916
       2.730899    -1.758965    -5.492943
       1.839308    -2.411531     5.485995
       1.839620    -2.411310    -5.494136
       0.943193    -3.057077     5.484558
       0.943431    -3.056977    -5.492716
       2.603900     2.053271     5.485714
       2.604125     2.053350    -5.493897
       2.949238     1.003468     5.487441
       2.949699     1.004053    -5.495072
       3.286587    -0.048781     5.485902
       3.287059    -0.047983    -5.493474
      -1.062003     3.110657     5.485902
      -1.061390     3.111352    -5.493474
       0.042992     3.114980     5.487441
       0.043406     3.115600    -5.495072
       1.148129     3.110951     5.485714
       1.148134     3.111189    -5.493897
      -3.198915    -0.047657     5.484558
      -3.198894    -0.047400    -5.492716
      -2.861879     1.004083     5.485995
      -2.861765     1.004449    -5.494136
      -2.517103     2.053159     5.484916
      -2.516768     2.053691    -5.492943
      -0.855768    -3.056912     5.484486
      -0.855626    -3.056834    -5.492673
      -1.751757    -2.411085     5.485832
      -1.751673    -2.410970    -5.494029
      -2.642850    -1.758520     5.484486
      -2.642820    -1.758361    -5.492673
       3.625584    -2.051362     4.927245
       3.626033    -2.050635    -4.935214
       2.735602    -2.705438     4.929501
       2.735963    -2.705015    -4.937613
       1.841172    -3.354742     4.929375
       1.841452    -3.354521    -4.937524
       0.943425    -3.998479     4.926780
       0.943652    -3.998364    -4.934934
       3.157324     2.813883     4.928737
       3.157678     2.814045    -4.937076
       3.505088     1.764512     4.931573
       3.505889     1.765649    -4.938869
       3.846840     0.712871     4.931162
       3.847499     0.714121    -4.938459
       4.181919    -0.340117     4.928119
       4.182464    -0.338944    -4.935599
      -1.615752     3.872140     4.928119
      -1.614805     3.873021    -4.935599
      -0.510756     3.878852     4.931162
      -0.509771     3.879865    -4.938459
       0.595021     3.878800     4.931573
       0.595855     3.879914    -4.938869
       1.700497     3.872330     4.928737
       1.700541     3.872717    -4.937076
      -4.094315    -0.338345     4.926780
      -4.094275    -0.338094    -4.934934
      -3.759502     0.714388     4.929375
      -3.759378     0.714723    -4.937524
      -3.418371     1.765687     4.929501
      -3.418081     1.766161    -4.937613
      -3.071327     2.814231     4.927245
      -3.070774     2.814883    -4.935214
      -0.856250    -3.998302     4.926741
      -0.856094    -3.998221    -4.934926
      -1.753847    -3.354288     4.929302
      -1.753733    -3.354178    -4.937497
      -2.648151    -2.704539     4.929302
      -2.648081    -2.704396    -4.937497
      -3.538016    -2.049884     4.926741
      -3.537988    -2.049710    -4.934926
       4.522661    -2.343391     4.368423
       4.523107    -2.342533    -4.376367
       3.632489    -2.998740     4.372473
       3.632850    -2.998150    -4.380562
       2.738916    -3.650644     4.373769
       2.739207    -3.650273    -4.381904
       1.842171    -4.298301     4.372244
       1.842414    -4.298086    -4.380389
       0.943176    -4.941814     4.367913
       0.943390    -4.941691    -4.376063
       3.711876     3.575095     4.372299
       3.712169     3.575613    -4.380670
       4.060585     2.525179     4.375822
       4.062102     2.527802    -4.382221
       4.405232     1.474248     4.376013
       4.406145     1.476445    -4.382771
       4.744547     0.421453     4.373804
       4.745177     0.423171    -4.381037
       5.078929    -0.632372     4.369005
       5.079438    -0.630991    -4.376480
      -2.170895     4.634936     4.369005
      -2.169738     4.635846    -4.376480
      -1.065318     4.642569     4.373804
      -1.063879     4.643699    -4.381037
       0.040804     4.645193     4.376013
       0.042612     4.646739    -4.382771
       1.146801     4.642168     4.375822
       1.148826     4.644421    -4.382221
       2.253087     4.634967     4.372299
       2.253489     4.635406    -4.380670
      -4.991403    -0.630088     4.367913
      -4.991351    -0.629846    -4.376063
      -4.657189     0.423763     4.372244
      -4.657060     0.424061    -4.380389
      -4.318340     1.476756     4.373769
      -4.318077     1.477147    -4.381904
      -3.974470     2.528043     4.372473
      -3.974021     2.528569    -4.380562
      -3.626275     3.577160     4.368423
      -3.625597     3.577850    -4.376367
      -0.856283    -4.941628     4.367891
      -0.856125    -4.941545    -4.376080
      -1.755115    -4.297837     4.372215
      -1.754987    -4.297730    -4.380413
      -2.651708    -3.649761     4.373680
      -2.651611    -3.649628    -4.381880
      -3.545127    -2.997316     4.372215
      -3.545065    -2.997161    -4.380413
      -4.435163    -2.341418     4.367891
      -4.435133    -2.341242    -4.376080
       4.531953    -3.291251     3.813925
       4.532250    -3.290610    -3.822008
       3.637719    -3.946015     3.816905
       3.637981    -3.945538    -3.825034
       2.741303    -4.596664     3.816805
       2.741543    -4.596339    -3.824942
       1.841658    -5.244049     3.813611
       1.841887    -5.243841    -3.821750
       4.617958     3.285359     3.820399
       4.621171     3.292659    -3.823430
       4.964011     2.235432     3.819748
       4.964994     2.239601    -3.825130
       5.305987     1.183247     3.818433
       5.306568     1.186016    -3.825195
       5.643910     0.128196     3.814689
       5.644293     0.130132    -3.821952
      -1.622139     5.407293     3.814689
      -1.620417     5.408255    -3.821952
      -0.514303     5.411937     3.818433
      -0.511849     5.413346    -3.825195
       0.592061     5.411842     3.819748
       0.595723     5.414065    -3.825130
       1.697537     5.407170     3.820399
       1.703487     5.412481    -3.823430
      -5.556490     0.131023     3.813611
      -5.556364     0.131305    -3.821750
      -5.218795     1.186689     3.816805
      -5.218561     1.187019    -3.824942
      -4.876999     2.240293     3.816905
      -4.876626     2.240690    -3.825034
      -4.530614     3.293093     3.813925
      -4.530097     3.293573    -3.822008
      -1.754893    -5.243570     3.813599
      -1.754769    -5.243463    -3.821808
      -2.654374    -4.595785     3.816761
      -2.654267    -4.595659    -3.824973
      -3.550606    -3.944634     3.816761
      -3.550520    -3.944493    -3.824973
      -4.444641    -3.289352     3.813599
      -4.444578    -3.289201    -3.821808
       5.410959    -3.590134    -2.171669
       5.410004    -3.584660    -1.088266
       5.409031    -3.583737    -0.003990
       5.410068    -3.584643     1.080258
       5.410970    -3.590274     2.163600
       4.541983    -4.245622    -3.267419
       4.526750    -4.241258    -2.177503
       4.524459    -4.236472    -1.090888
       4.523510    -4.235487    -0.004037
       4.524501    -4.236506     1.082797
       4.526734    -4.241448     2.169376
       4.541760    -4.246122     3.259265
       3.645741    -4.899085    -3.268400
       3.638226    -4.889137    -2.178312
       3.635081    -4.885050    -1.091246
       3.634169    -4.883859    -0.004049
       3.635092    -4.885094     1.083137
       3.638172    -4.889309     2.170179
       3.645510    -4.899485     3.260248
       2.746818    -5.548841    -3.267218
       2.746899    -5.533184    -2.177346
       2.742757    -5.529607    -1.090810
       2.742030    -5.528406    -0.004050
       2.742744    -5.529643     1.082702
       2.746817    -5.533310     2.169223
       2.746579    -5.549133     3.259079
       1.853848    -6.172208    -2.171397
       1.848580    -6.169626    -1.088150
       1.847919    -6.168394    -0.004054
       1.848553    -6.169648     1.080039
       1.853750    -6.172289     2.163276
      -6.442989    -0.144200    -2.171397
      -6.438905    -0.148411    -1.088150
      -6.437530    -0.148659    -0.004054
      -6.438919    -0.148444     1.080039
      -6.443036    -0.144317     2.163276
      -6.126075     0.897696    -3.267218
      -6.111208     0.902612    -2.177346
      -6.106527     0.899778    -1.090810
      -6.105160     0.899457    -0.004050
      -6.106557     0.899754     1.082702
      -6.111303     0.902495     2.169223
      -6.126279     0.897378     3.259079
      -5.785902     1.953409    -3.268400
      -5.774119     1.949335    -2.178312
      -5.769259     1.947607    -1.091246
      -5.767845     1.947108    -0.004049
      -5.769305     1.947604     1.083137
      -5.774265     1.949231     2.170179
      -5.786211     1.953065     3.260248
      -5.441375     3.007716    -3.267419
      -5.432517     2.994577    -2.177503
      -5.427258     2.993877    -1.090888
      -5.426027     2.993279    -0.004037
      -5.427303     2.993906     1.082797
      -5.432693     2.994503     2.169376
      -5.441781     3.007350     3.259265
      -5.086497     4.036718    -2.171669
      -5.080995     4.037502    -1.088266
      -5.079817     4.036861    -0.003990
      -5.080999     4.037568     1.080258
      -5.086633     4.036686     2.163600
      -1.767172    -6.171777    -2.171479
      -1.761996    -6.169183    -1.088220
      -1.761379    -6.167959    -0.004107
      -1.762028    -6.169220     1.080003
      -1.767242    -6.171847     2.163257
      -2.659860    -5.548132    -3.267286
      -2.660089    -5.532398    -2.177414
      -2.656045    -5.528778    -1.090875
      -2.655357    -5.527572    -0.004111
      -2.656078    -5.528820     1.082651
      -2.660158    -5.532479     2.169184
      -2.659961    -5.548248     3.259053
      -3.558609    -4.898003    -3.268396
      -3.551263    -4.887892    -2.178322
      -3.548220    -4.883703    -1.091283
      -3.547338    -4.882489    -0.004113
      -3.548252    -4.883747     1.083055
      -3.551327    -4.887980     2.170091
      -3.558701    -4.898129     3.260161
      -4.454647    -4.244142    -3.267286
      -4.439613    -4.239497    -2.177414
      -4.437419    -4.234533    -1.090875
      -4.436485    -4.233506    -0.004111
      -4.437449    -4.234577     1.082651
      -4.439668    -4.239588     2.169184
      -4.454727    -4.244274     3.259053
      -5.323625    -3.587861    -2.171479
      -5.322757    -3.582137    -1.088220
      -5.321783    -3.581172    -0.004107
      -5.322783    -3.582179     1.080003
      -5.323669    -3.587950     2.163257
       0.043350    -6.494540    -2.764059
       0.043299    -6.490180    -1.653949
       0.043268    -6.488693    -0.553464
       0.043254    -6.488697     0.545321
       0.043245    -6.490195     1.645803
       0.043241    -6.494580     2.755916
      -6.190071    -1.965692    -2.764059
      -6.185909    -1.964393    -1.653949
      -6.184486    -1.963963    -0.553464
      -6.184485    -1.963978     0.545321
      -6.185906    -1.964448     1.645803
      -6.190076    -1.965808     2.755916
       0.043355    -5.584629     4.367432
       0.043550    -5.584547    -4.375587
      -5.324696    -1.684509     4.367432
      -5.324678    -1.684298    -4.375587
       0.936675    -5.893988     3.804925
       0.936904    -5.893856    -3.813077
      -5.894965    -0.930508     3.804925
      -5.894909    -0.930250    -3.813077
      -0.850064    -5.893804     3.804912
      -0.849926    -5.893715    -3.813110
      -5.342658    -2.629741     3.804912
      -5.342616    -2.629582    -3.813110
       1.843301    -6.196935    -3.260393
       1.843050    -6.197141     3.252257
       0.952704    -6.808598    -2.206954
       0.950742    -6.806669    -1.102832
       0.950840    -6.805680    -0.004059
       0.950708    -6.806683     1.094714
       0.952606    -6.808649     2.198837
      -6.769763    -1.197894    -2.206954
      -6.767323    -1.199164    -1.102832
      -6.766413    -1.198764    -0.004059
      -6.767326    -1.199200     1.094714
      -6.769782    -1.198002     2.198837
      -6.463247    -0.161871    -3.260393
      -6.463365    -0.162174     3.252257
      -0.866151    -6.808418    -2.207006
      -0.864277    -6.806487    -1.102875
      -0.864418    -6.805505    -0.004092
      -0.864304    -6.806515     1.094689
      -0.866218    -6.808472     2.198815
      -1.756495    -6.196527    -3.260480
      -1.756599    -6.196630     3.252252
      -5.350463    -3.585355    -3.260480
      -5.350528    -3.585486     3.252252
      -6.207537    -2.927672    -2.207006
      -6.206279    -2.925293    -1.102875
      -6.205302    -2.925124    -0.004092
      -6.206297    -2.925328     1.094689
      -6.207568    -2.927752     2.198815
       5.412218    -1.686881     4.368200
       5.412701    -1.685682    -4.375794
       3.362014     4.627412     4.369015
       3.362325     4.627841    -4.377286
      -3.276784     4.626052     4.368200
      -3.275793     4.626882    -4.375794
       5.430145    -2.632040     3.805445
       5.430485    -2.631262    -3.813381
       4.273473     4.341219     3.819001
       4.278699     4.341023    -3.826986
       5.982418    -0.933104     3.805729
       5.982812    -0.931574    -3.813234
      -2.736101     5.401274     3.805729
      -2.734767     5.402122    -3.813234
       2.808172     5.405823     3.819001
       2.806371     5.410733    -3.826986
      -4.181224     4.351032     3.805445
      -4.180588     4.351596    -3.813381
       5.438017    -3.587194    -3.260750
       5.437795    -3.587743     3.252640
      -5.092061     4.063361    -3.260750
      -5.092515     4.062980     3.252640
       6.277825    -1.968326    -2.764139
       6.273578    -1.967453    -1.653880
       6.272124    -1.967138    -0.553275
       6.272106    -1.967044     0.545637
       6.273514    -1.967225     1.646245
       6.277676    -1.968372     2.756416
      -3.811941     5.362323    -2.764139
      -3.809798     5.358553    -1.653880
      -3.809049     5.357267    -0.553275
      -3.808954     5.357280     0.545637
      -3.809562     5.358563     1.646245
      -3.811938     5.362166     2.756416
       6.295072    -2.930406    -2.207120
       6.293747    -2.928307    -1.102824
       6.292770    -2.928148    -0.003849
       6.293785    -2.928173     1.095095
       6.295050    -2.930386     2.199304
       5.186944     4.029930    -2.207518
       5.182917     4.028868    -1.105170
       5.181190     4.028617    -0.010052
       5.181653     4.029842     1.082702
       5.183926     4.034138     2.175000
       5.188559     4.048667     3.270464
       5.529190     3.011491    -3.265215
       5.523665     2.984373    -2.174774
       5.518997     2.984723    -1.089391
       5.517758     2.984716    -0.002640
       5.518770     2.985952     1.084949
       5.522131     2.989879     2.172823
       5.531132     2.998601     3.263453
       5.873444     1.953283    -3.267902
       5.862839     1.942579    -2.177865
       5.857965     1.941150    -1.090856
       5.856679     1.940947    -0.003398
       5.857928     1.941920     1.084227
       5.861854     1.945538     2.171741
       5.873994     1.947737     3.261970
       6.213641     0.896676    -3.266929
       6.199269     0.897983    -2.177045
       6.194493     0.895082    -1.090490
       6.193100     0.894870    -0.003578
       6.194328     0.895539     1.083404
       6.198577     0.899472     2.170138
       6.213772     0.893674     3.260066
       6.550891    -0.163175    -3.260197
       6.530934    -0.147848    -2.171122
       6.526760    -0.152243    -1.087849
       6.525302    -0.152447    -0.003666
       6.526553    -0.151926     1.080553
       6.530408    -0.147034     2.163912
       6.550895    -0.165260     3.252951
       6.857602    -1.201239    -2.206742
       6.855113    -1.202697    -1.102605
       6.854139    -1.202266    -0.003780
       6.854951    -1.202418     1.095066
       6.857253    -1.200631     2.199255
      -3.261558     6.150766    -2.206742
      -3.262176     6.147948    -1.102605
      -3.261465     6.147155    -0.003780
      -3.261861     6.147880     1.095066
      -3.260873     6.150622     2.199255
      -2.179522     6.179845    -3.260197
      -2.158778     6.165600    -2.171122
      -2.161668     6.160273    -1.087849
      -2.161412     6.158823    -0.003666
      -2.161303     6.160174     1.080553
      -2.157841     6.165352     2.163912
      -2.181506     6.179204     3.252951
      -1.067328     6.186612    -3.266929
      -1.061643     6.173348    -2.177045
      -1.062926     6.167909    -1.090490
      -1.062698     6.166519    -0.003578
      -1.062441     6.167893     1.083404
      -1.060013     6.173150     2.170138
      -1.070224     6.185810     3.260066
       0.042692     6.189575    -3.267902
       0.035788     6.176181    -2.177865
       0.035936     6.171104    -1.090856
       0.036140     6.169818    -0.003398
       0.036680     6.171307     1.084227
       0.038907     6.176159     2.171741
       0.037247     6.188385     3.261970
       1.155487     6.189173    -3.265215
       1.131404     6.175539    -2.174774
       1.133179     6.171208    -1.089391
       1.133556     6.170027    -0.002640
       1.134419     6.171371     1.084949
       1.137115     6.175781     2.172823
       1.142628     6.187037     3.263453
       2.229841     6.178392    -2.207518
       2.230075     6.174234    -1.105170
       2.230370     6.172515    -0.010052
       2.231392     6.173334     1.082702
       2.234775     6.176822     2.175000
       2.247162     6.185718     3.270464
      -4.732263     5.081427    -2.207120
      -4.729858     5.080815    -1.102824
      -4.729404     5.079935    -0.003849
      -4.729742     5.080893     1.095095
      -4.732238     5.081412     2.199304