   1  0.1238  0.3234 -0.9381
   2 -0.4131  0.7519 -0.5138
   3  0.8522 -0.4928 -0.1758
   4 -0.3851 -0.0229  0.9226
   5  0.0880 -0.9708  0.2233
   6 -0.0111 -0.0225 -0.9997
   7 -0.5605 -0.7069 -0.4314
   8  0.2193 -0.3164 -0.9229
   9  0.0557  0.8677  0.4939
  10 -0.8291 -0.5408 -0.1419
  11  0.8864  0.4135  0.2081
  12  0.3204  0.6683  0.6713
  13  0.3478  0.0740  0.9346
  14  0.8617  0.4712 -0.1884
  15  0.0402  0.9823 -0.1829
  16  0.0765 -0.5668  0.8203
  17 -0.7802  0.6176  0.0997
  18 -0.5457  0.2676  0.7941
  19 -0.1966  0.3330  0.9222
  20  0.0196 -0.8462 -0.5324
  21  0.9662 -0.0056  0.2578
  22  0.2078  0.6408 -0.7390
  23 -0.0645  0.8495 -0.5236
  24  0.6953  0.0370 -0.7178
  25 -0.9237  0.3188  0.2126
  26  0.0186 -0.5962 -0.8026
  27 -0.9304 -0.0123  0.3665
  28  0.2918  0.8595 -0.4196
  29 -0.4584  0.4849 -0.7448
  30  0.6378  0.7212 -0.2703
  31  0.4434  0.8234  0.3542
  32 -0.8064 -0.3378  0.4854
  33  0.4052 -0.6109  0.6802
  34 -0.9413 -0.1940 -0.2764
  35  0.3852 -0.9227  0.0153
  36  0.7623  0.3663 -0.5336
  37 -0.5085 -0.4064 -0.7591
  38 -0.3098  0.8297  0.4644
  39 -0.7816 -0.5865  0.2123
  40 -0.4306 -0.0608 -0.9005
  41 -0.5071 -0.8236  0.2539
  42 -0.9970  0.0674 -0.0372
  43  0.5463 -0.3022  0.7812
  44  0.3689  0.0118 -0.9294
  45  0.6505 -0.5652 -0.5074
  46 -0.7833  0.3114  0.5381
  47 -0.1294  0.5922 -0.7953
  48 -0.5112  0.8495  0.1305
  49 -0.7612 -0.4317 -0.4840
  50 -0.2500  0.2477 -0.9360
  51  0.2227 -0.2656  0.9380
  52  0.4205  0.9054 -0.0590
  53 -0.9555 -0.2744  0.1085
  54 -0.2349 -0.9708  0.0485
  55  0.6541  0.0365  0.7556
  56 -0.2981 -0.6837 -0.6661
  57 -0.5768 -0.8119 -0.0904
  58 -0.3204  0.9251 -0.2039
  59 -0.2715 -0.9086 -0.3172
  60  0.9832  0.1762 -0.0479
  61  0.6679  0.5689  0.4799
  62  0.8257 -0.1965  0.5288
  63 -0.1869 -0.3322 -0.9245
  64 -0.2611 -0.6357  0.7265
  65 -0.5221 -0.3429  0.7809
  66  0.0738 -0.9823 -0.1719
  67  0.1714  0.3920  0.9039
  68 -0.8921  0.1389 -0.4301
  69 -0.1704 -0.3161  0.9333
  70 -0.7218 -0.0433  0.6907
  71  0.7076 -0.6911  0.1473
  72  0.9141  0.0818 -0.3971
  73  0.3480 -0.8471 -0.4018
  74  0.6999  0.7061  0.1074
  75 -0.7262  0.4840 -0.4882
  76 -0.6462  0.7299 -0.2231
  77 -0.8977  0.4043 -0.1752
  78  0.6966 -0.5340  0.4792
  79  0.1127 -0.8202  0.5608
  80 -0.7474 -0.1255 -0.6524
  81  0.9775 -0.1747 -0.1179
  82  0.6188 -0.7604 -0.1973
  83  0.3558 -0.6203 -0.6991
  84  0.9060 -0.3762  0.1940
  85 -0.0565  0.6500  0.7578
  86  0.5614 -0.2988 -0.7717
  87  0.1699  0.9702  0.1725
  88  0.4366 -0.8216  0.3665
  89 -0.0138  0.0297  0.9995
  90 -0.4106  0.5789  0.7045
  91  0.8279  0.2267  0.5131
  92  0.8327 -0.2545 -0.4917
  93  0.4758  0.3354 -0.8131
  94  0.5233  0.6181 -0.5866
  95 -0.5690 -0.6177  0.5428
  96 -0.6448  0.6290  0.4343
  97  0.5272  0.3804  0.7598
  98 -0.6457  0.1951 -0.7382
  99 -0.2178 -0.8689  0.4445
 100 -0.1789  0.9727  0.1480
   1 -0.8775 -0.4115  0.2461
   2  0.1939 -0.6835  0.7037
   3 -0.7249 -0.5406  0.4269
   4  0.6156 -0.7178  0.3252
   5  0.0215  0.9539  0.2994
   6 -0.1443 -0.5150  0.8450
   7 -0.4727  0.6919  0.5458
   8  0.5405 -0.7307 -0.4170
   9  0.7895  0.0317  0.6129
  10  0.1815  0.9830 -0.0293
  11 -0.3356 -0.9334 -0.1267
  12  0.5674 -0.0911 -0.8184
  13 -0.0289  0.4597  0.8876
  14  0.6040  0.4278 -0.6725
  15  0.2766  0.8179  0.5045
  16 -0.1491  0.7775  0.6110
  17 -0.0145 -0.9156  0.4018
  18  0.8264 -0.0622 -0.5597
  19  0.6011 -0.4581  0.6549
  20 -0.4334 -0.8976  0.0799
  21  0.2781  0.9326 -0.2300
  22  0.4858  0.7654 -0.4221
  23  0.1741 -0.0655  0.9825
  24  0.4507 -0.1240  0.8840
  25 -0.2600  0.5097  0.8202
  26 -0.6285  0.4078 -0.6623
  27  0.3650  0.9162  0.1652
  28 -0.9064  0.4211  0.0342
  29  0.9227  0.3856 -0.0054
  30 -0.4528 -0.5328  0.7149
  31  0.5228 -0.4997 -0.6906
  32 -0.3080  0.6604 -0.6849
  33 -0.9883 -0.0351  0.1481
  34 -0.8054  0.4792  0.3489
  35  0.8003  0.1710 -0.5747
  36 -0.5691  0.0717  0.8191
  37 -0.4864 -0.8288 -0.2766
  38 -0.9125 -0.2131  0.3493
  39 -0.1550  0.9860 -0.0620
  40  0.6934 -0.1845  0.6965
  41  0.7631 -0.6434 -0.0606
  42  0.8251 -0.3750  0.4226
  43  0.7050 -0.3639 -0.6087
  44 -0.4586  0.2046 -0.8648
  45  0.9322 -0.3613 -0.0205
  46  0.1856  0.7922 -0.5814
  47  0.9600  0.2013  0.1948
  48 -0.9588  0.1741 -0.2246
  49 -0.0857  0.9390 -0.3330
  50  0.6879  0.3670  0.6261
  51  0.7814  0.6202 -0.0697
  52  0.7366  0.5476 -0.3969
  53 -0.5085  0.8559 -0.0939
  54 -0.2288 -0.0077 -0.9735
  55  0.1180  0.1993  0.9728
  56 -0.4011 -0.7640  0.5054
  57  0.0963 -0.7261 -0.6809
  58  0.3081 -0.7980  0.5180
  59 -0.7299 -0.6010 -0.3256
  60  0.5303  0.1420 -0.8358
  61  0.5997  0.7966 -0.0765
  62 -0.5743 -0.5511 -0.6054
  63 -0.2674 -0.5131 -0.8156
  64  0.5533  0.8130  0.1815
  65  0.5249 -0.6721  0.5222
  66 -0.7909  0.5922 -0.1545
  67  0.7984 -0.5438  0.2585
  68 -0.3610 -0.2420  0.9006
  69 -0.7393 -0.6729 -0.0267
  70 -0.6540 -0.7403  0.1557
  71 -0.2807  0.8663 -0.4132
  72 -0.1766 -0.8364 -0.5188
  73  0.8987  0.0331  0.4373
  74 -0.6580  0.7166  0.2314
  75 -0.5828 -0.1875 -0.7907
  76  0.9343 -0.1999  0.2951
  77  0.3142 -0.9272 -0.2039
  78 -0.3814 -0.7806 -0.4952
  79  0.8149  0.4097  0.4100
  80  0.2721 -0.7750 -0.5704
  81 -0.0362 -0.9991  0.0222
  82  0.2272 -0.5064 -0.8318
  83  0.5016  0.1902  0.8439
  84 -0.6034  0.6636 -0.4423
  85  0.1918 -0.9808  0.0361
  86  0.1863 -0.0624 -0.9805
  87 -0.1778  0.9191  0.3516
  88  0.3291 -0.4445  0.8331
  89  0.0362 -0.3523  0.9352
  90 -0.4681  0.8193  0.3312
  91  0.5671 -0.8225  0.0422
  92 -0.7852  0.2515 -0.5658
  93 -0.0108  0.7252 -0.6885
  94  0.0652  0.5052 -0.8606
  95  0.7456  0.6039  0.2818
  96  0.0088 -0.2661 -0.9639
  97 -0.5806 -0.1514  0.8000
  98  0.1694  0.5895  0.7898
  99  0.3959 -0.2217 -0.8911
 100 -0.8938  0.1891  0.4067