   1  0.1238  0.3234 -0.9381
   2 -0.4131  0.7519 -0.5138
   3  0.8522 -0.4928 -0.1758
   4 -0.3851 -0.0229  0.9226
   5  0.0880 -0.9708  0.2233
   6 -0.0111 -0.0225 -0.9997
   7 -0.5605 -0.7069 -0.4314
   8  0.2193 -0.3164 -0.9229
   9  0.0557  0.8677  0.4939
  10 -0.8291 -0.5408 -0.1419
  11  0.8864  0.4135  0.2081
  12  0.3204  0.6683  0.6713
  13  0.3478  0.0740  0.9346
  14  0.8617  0.4712 -0.1884
  15  0.0402  0.9823 -0.1829
  16  0.0765 -0.5668  0.8203
  17 -0.7802  0.6176  0.0997
  18 -0.5457  0.2676  0.7941
  19 -0.1966  0.3330  0.9222
  20  0.0196 -0.8462 -0.5324
  21  0.9662 -0.0056  0.2578
  22  0.2078  0.6408 -0.7390
  23 -0.0645  0.8495 -0.5236
  24  0.6953  0.0370 -0.7178
  25 -0.9237  0.3188  0.2126
  26  0.0186 -0.5962 -0.8026
  27 -0.9304 -0.0123  0.3665
  28  0.2918  0.8595 -0.4196
  29 -0.4584  0.4849 -0.7448
  30  0.6378  0.7212 -0.2703
  31  0.4434  0.8234  0.3542
  32 -0.8064 -0.3378  0.4854
  33  0.4052 -0.6109  0.6802
  34 -0.9413 -0.1940 -0.2764
  35  0.3852 -0.9227  0.0153
  36  0.7623  0.3663 -0.5336
  37 -0.5085 -0.4064 -0.7591
  38 -0.3098  0.8297  0.4644
  39 -0.7816 -0.5865  0.2123
  40 -0.4306 -0.0608 -0.9005
  41 -0.5071 -0.8236  0.2539
  42 -0.9970  0.0674 -0.0372
  43  0.5463 -0.3022  0.7812
  44  0.3689  0.0118 -0.9294
  45  0.6505 -0.5652 -0.5074
  46 -0.7833  0.3114  0.5381
  47 -0.1294  0.5922 -0.7953
  48 -0.5112  0.8495  0.1305
  49 -0.7612 -0.4317 -0.4840
  50 -0.2500  0.2477 -0.9360
  51  0.2227 -0.2656  0.9380
  52  0.4205  0.9054 -0.0590
  53 -0.9555 -0.2744  0.1085
  54 -0.2349 -0.9708  0.0485
  55  0.6541  0.0365  0.7556
  56 -0.2981 -0.6837 -0.6661
  57 -0.5768 -0.8119 -0.0904
  58 -0.3204  0.9251 -0.2039
  59 -0.2715 -0.9086 -0.3172
  60  0.9832  0.1762 -0.0479
  61  0.6679  0.5689  0.4799
  62  0.8257 -0.1965  0.5288
  63 -0.1869 -0.3322 -0.9245
  64 -0.2611 -0.6357  0.7265
  65 -0.5221 -0.3429  0.7809
  66  0.0738 -0.9823 -0.1719
  67  0.1714  0.3920  0.9039
  68 -0.8921  0.1389 -0.4301
  69 -0.1704 -0.3161  0.9333
  70 -0.7218 -0.0433  0.6907
  71  0.7076 -0.6911  0.1473
  72  0.9141  0.0818 -0.3971
  73  0.3480 -0.8471 -0.4018
  74  0.6999  0.7061  0.1074
  75 -0.7262  0.4840 -0.4882
  76 -0.6462  0.7299 -0.2231
  77 -0.8977  0.4043 -0.1752
  78  0.6966 -0.5340  0.4792
  79  0.1127 -0.8202  0.5608
  80 -0.7474 -0.1255 -0.6524
  81  0.9775 -0.1747 -0.1179
  82  0.6188 -0.7604 -0.1973
  83  0.3558 -0.6203 -0.6991
  84  0.9060 -0.3762  0.1940
  85 -0.0565  0.6500  0.7578
  86  0.5614 -0.2988 -0.7717
  87  0.1699  0.9702  0.1725
  88  0.4366 -0.8216  0.3665
  89 -0.0138  0.0297  0.9995
  90 -0.4106  0.5789  0.7045
  91  0.8279  0.2267  0.5131
  92  0.8327 -0.2545 -0.4917
  93  0.4758  0.3354 -0.8131
  94  0.5233  0.6181 -0.5866
  95 -0.5690 -0.6177  0.5428
  96 -0.6448  0.6290  0.4343
  97  0.5272  0.3804  0.7598
  98 -0.6457  0.1951 -0.7382
  99 -0.2178 -0.8689  0.4445
 100 -0.1789  0.9727  0.1480
   1 -0.2239 -0.0590 -0.9728
   2 -0.4644  0.2171 -0.8586
   3 -0.7782  0.5607 -0.2827
   4  0.1728 -0.9842  0.0388
   5 -0.0314 -0.9317 -0.3620
   6 -0.0443  0.1955 -0.9797
   7  0.9852  0.0347 -0.1681
   8  0.4236 -0.1970 -0.8842
   9 -0.7742  0.2737 -0.5708
  10 -0.3698  0.4111  0.8332
  11 -0.6710 -0.3567 -0.6500
  12 -0.9820 -0.1715 -0.0795
  13  0.2744  0.9320 -0.2369
  14 -0.0487 -0.7363  0.6749
  15 -0.2515 -0.5363 -0.8057
  16 -0.3542  0.9351  0.0123
  17  0.0155 -0.9147  0.4038
  18 -0.3628 -0.2425  0.8997
  19 -0.3971 -0.9101 -0.1186
  20 -0.7978  0.5015  0.3348
  21  0.1543  0.1755  0.9723
  22  0.8372 -0.3808  0.3926
  23 -0.1026  0.9284  0.3570
  24  0.7310 -0.6148 -0.2960
  25  0.8364 -0.5457  0.0523
  26  0.9387  0.2097  0.2735
  27  0.5082 -0.7304 -0.4563
  28 -0.0424  0.4662  0.8836
  29  0.6790 -0.3613  0.6391
  30  0.7305 -0.1530 -0.6655
  31  0.9280 -0.1187 -0.3531
  32 -0.7126  0.1752  0.6793
  33  0.6302  0.7726 -0.0773
  34 -0.6108  0.4855  0.6255
  35 -0.6457  0.7636 -0.0079
  36 -0.8418 -0.1124  0.5280
  37 -0.4002 -0.7641  0.5060
  38  0.5362 -0.8297  0.1554
  39  0.8985 -0.3375 -0.2806
  40  0.6192  0.4280 -0.6583
  41  0.2194  0.9755 -0.0155
  42 -0.0049  0.7305 -0.6829
  43  0.2695  0.8287  0.4905
  44  0.2263 -0.5155 -0.8265
  45 -0.8789 -0.4751  0.0439
  46  0.6994  0.3530  0.6214
  47 -0.2748  0.7016 -0.6574
  48  0.3318 -0.4448  0.8319
  49  0.2015  0.7911 -0.5776
  50 -0.8741 -0.1005 -0.4752
  51 -0.9860 -0.0267  0.1644
  52 -0.1388  0.9315 -0.3361
  53 -0.4747  0.8218 -0.3150
  54 -0.6651 -0.7407  0.0944
  55  0.0098 -0.3739 -0.9274
  56 -0.8654 -0.3995 -0.3025
  57 -0.9647  0.2632  0.0076
  58  0.8196  0.0120  0.5728
  59 -0.1265 -0.9847 -0.1201
  60  0.7077 -0.3885 -0.5901
  61 -0.2067  0.7439  0.6355
  62  0.0625  0.5023 -0.8624
  63  0.1783  0.5869  0.7898
  64 -0.9582  0.1520 -0.2424
  65  0.5459  0.1211 -0.8291
  66  0.1917 -0.7622 -0.6184
  67  0.4930  0.8555  0.1585
  68 -0.0446  0.9990  0.0069
  69  0.3781  0.5226 -0.7641
  70  0.8031  0.1569 -0.5748
  71 -0.6158 -0.0386 -0.7870
  72 -0.4005 -0.2771 -0.8734
  73  0.1764 -0.0978 -0.9795
  74  0.3005  0.2206 -0.9279
  75 -0.2721  0.4410 -0.8553
  76  0.8962  0.3116 -0.3157
  77 -0.4416 -0.5318  0.7226
  78  0.9779 -0.1718  0.1190
  79  0.4980  0.7596 -0.4184
  80 -0.6823 -0.3177  0.6584
  81 -0.8950  0.1957  0.4008
  82 -0.3466 -0.7971 -0.4944
  83  0.5243 -0.6853  0.5055
  84  0.7537  0.5877  0.2942
  85  0.8510  0.5251  0.0134
  86  0.5096  0.5943  0.6222
  87  0.0282 -0.1936  0.9807
  88 -0.7117 -0.5714  0.4088
  89  0.5097 -0.4961 -0.7029
  90 -0.8916 -0.3414  0.2975
  91 -0.5679  0.5962 -0.5675
  92 -0.1208 -0.5034  0.8556
  93 -0.2180  0.1133  0.9693
  94 -0.2796 -0.9280  0.2464
  95 -0.5610 -0.0030  0.8278
  96  0.5048  0.1756  0.8452
  97 -0.6897 -0.6729 -0.2676
  98 -0.5019  0.7881  0.3565
  99 -0.8778  0.4787  0.0189
 100  0.3544 -0.9138 -0.1983