1 -0.2338  0.7338 -0.6378

   2 -0.1622  0.7795  0.6050

   3 -0.1904  0.5367  0.8220

   4 -0.3850 -0.2789 -0.8798

   5  0.5450 -0.7347 -0.4040

   6  0.3932  0.9058  0.1582

   7  0.1442  0.7990 -0.5838

   8  0.3100 -0.9242  0.2232

   9  0.0730  0.5212 -0.8503

  10 -0.8596 -0.1732 -0.4808

  11 -0.8897 -0.3355  0.3096

  12 -0.4453 -0.8912  0.0864

  13  0.3273 -0.4663  0.8218

  14  0.6001 -0.4763  0.6427

  15  0.6042 -0.7231  0.3348

  16 -0.6277  0.4212 -0.6546

  17  0.9351 -0.3538 -0.0216

  18 -0.9784 -0.1920 -0.0761

  19 -0.7911  0.5283  0.3082

  20  0.3820  0.2936  0.8763

  21  0.0241 -0.3892 -0.9208

  22  0.4803  0.7704 -0.4194

  23  0.2351 -0.7732 -0.5890

  24  0.8461  0.5329  0.0151

  25 -0.3721 -0.9166 -0.1464

  26  0.6601  0.2791 -0.6974

  27  0.3461 -0.9190 -0.1888

  28 -0.6834 -0.6899 -0.2387

  29  0.8756  0.0236  0.4824

  30  0.8347  0.0004 -0.5507

  31 -0.4616 -0.5383  0.7051

  32 -0.5032  0.7904  0.3495

  33  0.9647  0.1993  0.1724

  34  0.7220 -0.2258 -0.6540

  35 -0.8623 -0.5037  0.0530

  36 -0.0915  0.9348  0.3432

  37 -0.9654  0.1050 -0.2385

  38 -0.2967  0.1612  0.9413

  39  0.3429 -0.4472 -0.8261

  40 -0.0310 -0.9399 -0.3400

  41  0.6152  0.7852 -0.0703

  42  0.9087  0.2903 -0.2999

  43 -0.5792 -0.5530 -0.5989

  44  0.7306  0.5502 -0.4043

  45 -0.5315  0.8415 -0.0964

  46 -0.5876  0.6804 -0.4380

  47  0.7060 -0.1817  0.6845

  48  0.8208 -0.4357 -0.3694

  49  0.0097  0.9997  0.0220

  50 -0.5838  0.0421  0.8108

  51  0.7462 -0.6632 -0.0581

  52  0.2654  0.8323  0.4866

  53 -0.2565 -0.5293 -0.8088

  54 -0.9859 -0.0130  0.1671

  55  0.9805  0.0038 -0.1966

  56  0.8109  0.4242  0.4031

  57  0.5535 -0.5011 -0.6653

  58  0.6371  0.7061  0.3091

  59 -0.2198 -0.0426 -0.9746

  60 -0.6253  0.4860  0.6106

  61 -0.6036 -0.1709 -0.7788

  62 -0.1420 -0.5300  0.8360

  63 -0.4633  0.1954 -0.8644

  64 -0.1250 -0.9526  0.2772

  65 -0.7842  0.1112 -0.6105

  66 -0.0762 -0.7395 -0.6688

  67 -0.3905 -0.2497  0.8861

  68 -0.1582 -0.1072  0.9816

  69  0.1914 -0.0991 -0.9765

  70  0.6869  0.2666  0.6761

  71  0.0414  0.2514  0.9670

  72  0.2564  0.9437 -0.2091

  73  0.8017 -0.5255  0.2849

  74 -0.4103  0.4107  0.8142

  75  0.3221  0.2290 -0.9186

  76 -0.7841  0.6087 -0.1212

  77 -0.9391  0.3434  0.0145

  78 -0.0738 -0.7723  0.6310

  79  0.9326 -0.2064  0.2962

  80 -0.8963  0.2211  0.3843

  81 -0.4013 -0.7754  0.4876

  82  0.3171 -0.7741  0.5478

  83  0.5103  0.5906  0.6252

  84  0.0270 -0.9994  0.0209

  85 -0.2682  0.4538 -0.8498

  86  0.0525 -0.3686  0.9281

  87 -0.3505 -0.8030 -0.4820

  88 -0.0355  0.2050 -0.9781

  89 -0.8591 -0.4150 -0.2996

  90 -0.8493  0.3647 -0.3817

  91 -0.1501  0.9279 -0.3413

  92 -0.6600 -0.6661  0.3475

  93  0.1900 -0.0533  0.9803

  94 -0.8264  0.0576  0.5601

  95 -0.6994 -0.2948  0.6511

  96  0.1630  0.5969  0.7856

  97  0.5375 -0.0691 -0.8404

  98  0.4797 -0.1004  0.8717

  99 -0.3250  0.9456  0.0143

 100  0.4017  0.5328 -0.7448
   1  0.1238  0.3234 -0.9381
   2 -0.4131  0.7519 -0.5138
   3  0.8522 -0.4928 -0.1758
   4 -0.3851 -0.0229  0.9226
   5  0.0880 -0.9708  0.2233
   6 -0.0111 -0.0225 -0.9997
   7 -0.5605 -0.7069 -0.4314
   8  0.2193 -0.3164 -0.9229
   9  0.0557  0.8677  0.4939
  10 -0.8291 -0.5408 -0.1419
  11  0.8864  0.4135  0.2081
  12  0.3204  0.6683  0.6713
  13  0.3478  0.0740  0.9346
  14  0.8617  0.4712 -0.1884
  15  0.0402  0.9823 -0.1829
  16  0.0765 -0.5668  0.8203
  17 -0.7802  0.6176  0.0997
  18 -0.5457  0.2676  0.7941
  19 -0.1966  0.3330  0.9222
  20  0.0196 -0.8462 -0.5324
  21  0.9662 -0.0056  0.2578
  22  0.2078  0.6408 -0.7390
  23 -0.0645  0.8495 -0.5236
  24  0.6953  0.0370 -0.7178
  25 -0.9237  0.3188  0.2126
  26  0.0186 -0.5962 -0.8026
  27 -0.9304 -0.0123  0.3665
  28  0.2918  0.8595 -0.4196
  29 -0.4584  0.4849 -0.7448
  30  0.6378  0.7212 -0.2703
  31  0.4434  0.8234  0.3542
  32 -0.8064 -0.3378  0.4854
  33  0.4052 -0.6109  0.6802
  34 -0.9413 -0.1940 -0.2764
  35  0.3852 -0.9227  0.0153
  36  0.7623  0.3663 -0.5336
  37 -0.5085 -0.4064 -0.7591
  38 -0.3098  0.8297  0.4644
  39 -0.7816 -0.5865  0.2123
  40 -0.4306 -0.0608 -0.9005
  41 -0.5071 -0.8236  0.2539
  42 -0.9970  0.0674 -0.0372
  43  0.5463 -0.3022  0.7812
  44  0.3689  0.0118 -0.9294
  45  0.6505 -0.5652 -0.5074
  46 -0.7833  0.3114  0.5381
  47 -0.1294  0.5922 -0.7953
  48 -0.5112  0.8495  0.1305
  49 -0.7612 -0.4317 -0.4840
  50 -0.2500  0.2477 -0.9360
  51  0.2227 -0.2656  0.9380
  52  0.4205  0.9054 -0.0590
  53 -0.9555 -0.2744  0.1085
  54 -0.2349 -0.9708  0.0485
  55  0.6541  0.0365  0.7556
  56 -0.2981 -0.6837 -0.6661
  57 -0.5768 -0.8119 -0.0904
  58 -0.3204  0.9251 -0.2039
  59 -0.2715 -0.9086 -0.3172
  60  0.9832  0.1762 -0.0479
  61  0.6679  0.5689  0.4799
  62  0.8257 -0.1965  0.5288
  63 -0.1869 -0.3322 -0.9245
  64 -0.2611 -0.6357  0.7265
  65 -0.5221 -0.3429  0.7809
  66  0.0738 -0.9823 -0.1719
  67  0.1714  0.3920  0.9039
  68 -0.8921  0.1389 -0.4301
  69 -0.1704 -0.3161  0.9333
  70 -0.7218 -0.0433  0.6907
  71  0.7076 -0.6911  0.1473
  72  0.9141  0.0818 -0.3971
  73  0.3480 -0.8471 -0.4018
  74  0.6999  0.7061  0.1074
  75 -0.7262  0.4840 -0.4882
  76 -0.6462  0.7299 -0.2231
  77 -0.8977  0.4043 -0.1752
  78  0.6966 -0.5340  0.4792
  79  0.1127 -0.8202  0.5608
  80 -0.7474 -0.1255 -0.6524
  81  0.9775 -0.1747 -0.1179
  82  0.6188 -0.7604 -0.1973
  83  0.3558 -0.6203 -0.6991
  84  0.9060 -0.3762  0.1940
  85 -0.0565  0.6500  0.7578
  86  0.5614 -0.2988 -0.7717
  87  0.1699  0.9702  0.1725
  88  0.4366 -0.8216  0.3665
  89 -0.0138  0.0297  0.9995
  90 -0.4106  0.5789  0.7045
  91  0.8279  0.2267  0.5131
  92  0.8327 -0.2545 -0.4917
  93  0.4758  0.3354 -0.8131
  94  0.5233  0.6181 -0.5866
  95 -0.5690 -0.6177  0.5428
  96 -0.6448  0.6290  0.4343
  97  0.5272  0.3804  0.7598
  98 -0.6457  0.1951 -0.7382
  99 -0.2178 -0.8689  0.4445
 100 -0.1789  0.9727  0.1480