

-0.3391  0.7020 -0.6262

 0.6281 -0.6125 -0.4800

-0.1897  0.2704  0.9439

 0.3526  0.2673  0.8968

-0.5074  0.2833 -0.8138

 0.7641  0.6387 -0.0908

 0.9950  0.0536  0.0838

 0.9199 -0.3786 -0.1019

-0.4023 -0.1952  0.8945

-0.6287  0.5937 -0.5022

-0.5671 -0.8124 -0.1352

 0.7903 -0.6092 -0.0662

-0.3010 -0.4870 -0.8199

-0.2729  0.2295 -0.9343

 0.1552 -0.7962  0.5848

-0.0804 -0.9541 -0.2885

-0.6558  0.7155  0.2408

 0.1986  0.3475 -0.9164

-0.1916 -0.5998  0.7769

 0.6281  0.3228 -0.7081

-0.5784 -0.7017  0.4160

-0.0455 -0.5279 -0.8481

 0.0585  0.7723 -0.6326

-0.8584  0.1456  0.4919

-0.7816  0.5205  0.3439

-0.3973  0.6717  0.6253

-0.2196 -0.3778  0.8995

 0.7112  0.0896  0.6972

 0.4524  0.5366  0.7123

 0.3320  0.9066 -0.2603

 0.2372 -0.9096  0.3410

 0.0329  0.8262  0.5624

 0.7375  0.3303  0.5891

 0.6397 -0.2092 -0.7396

 0.9781  0.1489 -0.1455

 0.1561  0.9829 -0.0976

 0.5086 -0.3827  0.7712

-0.4977  0.5174 -0.6962

 0.7170 -0.6774  0.1644

 0.7005  0.6211 -0.3515

 0.6289  0.7738  0.0755

-0.9503  0.0191 -0.3109

 0.1099 -0.3520 -0.9295

-0.7504 -0.5068  0.4244

-0.2945  0.4698 -0.8322

-0.8415  0.5308  0.1005

 0.0829 -0.6263  0.7751

 0.2708 -0.5176 -0.8117

-0.1443 -0.9889 -0.0355

-0.6958  0.7181 -0.0174

 0.4019  0.4595 -0.7921

 0.5715 -0.5586  0.6011

 0.4101 -0.6517 -0.6380

-0.1270 -0.1594  0.9790

 0.3933 -0.1777  0.9021

-0.9793 -0.1538  0.1315

 0.2448  0.0426  0.9686

-0.4524  0.8053  0.3831

-0.3995 -0.6767  0.6185

-0.2656  0.9337  0.2401

 0.1363  0.5778 -0.8047

 0.4498  0.8590  0.2445

-0.5553  0.0033  0.8316

 0.3929 -0.7683  0.5053

-0.5325 -0.4088 -0.7411

 0.2424 -0.8077 -0.5375

 0.5749 -0.8182 -0.0012

 0.0220 -0.4181  0.9081

 0.2526  0.8365 -0.4863

-0.8991 -0.2191 -0.3790

 0.9694 -0.2164  0.1159

-0.0194 -0.9108  0.4123

-0.2864  0.9073 -0.3080

 0.9365  0.3505  0.0061

-0.4464  0.2505  0.8591

 0.4813  0.7409  0.4684

-0.6973  0.3528 -0.6239

 0.1340 -0.1893  0.9727

-0.2990  0.9538 -0.0299

-0.8086  0.4372 -0.3936

 0.3378 -0.6139  0.7135

-0.4716  0.0375 -0.8810

 0.0936  0.2854  0.9538

 0.8659  0.4504 -0.2175

-0.1562 -0.7061 -0.6907

-0.3146  0.4836  0.8168

-0.4959 -0.7702 -0.4011

 0.8001 -0.5134 -0.3102

 0.8054  0.1526 -0.5727

-0.6197 -0.7749  0.1247

-0.4015 -0.2308 -0.8863

 0.2433  0.8782  0.4119

-0.1554 -0.2940 -0.9431

-0.6709  0.2011  0.7138

-0.6139 -0.2522  0.7480

 0.8874 -0.2795  0.3665

-0.1990 -0.9543  0.2231

 0.8242 -0.1015  0.5571

-0.8526  0.1900 -0.4868

-0.7911 -0.4474 -0.4172

-0.9722  0.0843  0.2184

 0.4702 -0.0452 -0.8814

-0.6062  0.6161  0.5029

-0.9108 -0.4079  0.0633

-0.4930  0.8630  0.1106

 0.0557 -0.9852  0.1622

-0.0209  0.0637  0.9977

-0.3983 -0.6572 -0.6399

 0.0847  0.6554  0.7505

 0.2709 -0.4149  0.8686

-0.3917 -0.9197  0.0276

 0.9298 -0.0108 -0.3680

-0.1231  0.6457 -0.7536

 0.0487  0.9265 -0.3732

 0.8986 -0.2689 -0.3467

-0.4687  0.7766 -0.4211

-0.4393 -0.8546  0.2768

 0.8304  0.5414  0.1316

-0.0544  0.4188 -0.9064

-0.2624 -0.8394 -0.4760

 0.8686  0.1538  0.4711

-0.0130  0.9423  0.3347

 0.6587  0.0590 -0.7501

-0.6119 -0.5681 -0.5503

 0.1886 -0.9273 -0.3234

 0.5695  0.8003 -0.1877

-0.7841 -0.2790  0.5544

-0.4284 -0.4543  0.7811

 0.3961 -0.9031 -0.1660

 0.8201  0.4397  0.3662

 0.6340 -0.1553  0.7576

-0.0245  0.1712 -0.9849

 0.2287  0.1014 -0.9682

-0.3047  0.0406  0.9516

 0.3322  0.6713 -0.6626

-0.5474  0.4485  0.7066

-0.7587 -0.0392  0.6502

-0.7491  0.3737  0.5470

 0.4475  0.2147 -0.8681

 0.7707 -0.5035  0.3906

 0.8116 -0.1157 -0.5727

 0.9371  0.2536  0.2398

 0.5679  0.5620 -0.6014

-0.6992 -0.6513 -0.2948

-0.9731 -0.1936 -0.1251

 0.2916  0.7210  0.6286

-0.1646  0.6854  0.7093

-0.3347 -0.9138 -0.2302

 0.2398  0.4846  0.8412

 0.4172 -0.3161 -0.8521

 0.9839 -0.1222 -0.1307

 0.8754 -0.4594  0.1502

-0.6895  0.1101 -0.7158

 0.6052 -0.6944  0.3893

-0.1588  0.8425 -0.5147

-0.0098 -0.8542 -0.5198

-0.1017 -0.7722  0.6272

-0.0569  0.4817  0.8745

 0.2041  0.9648  0.1657

 0.7542 -0.3741 -0.5397

-0.7337 -0.2991 -0.6101

 0.6774  0.6708  0.3021

 0.3116 -0.9473  0.0737

 0.5043  0.0549  0.8618

 0.4058  0.9139 -0.0061

-0.9526  0.3026  0.0308

 0.4930  0.7521 -0.4373

-0.6237 -0.1394 -0.7691

 0.5586 -0.4574 -0.6919

 0.8992  0.2503 -0.3589

 0.6394 -0.7322 -0.2347

-0.7712 -0.6346 -0.0512

-0.9045  0.3104  0.2925

-0.0866  0.9805 -0.1767

-0.2199  0.8424  0.4919

-0.2824 -0.8388  0.4654

-0.9363  0.2651 -0.2304

-0.8932 -0.3290  0.3065

-0.6870  0.6748 -0.2698

-0.0520  0.9950  0.0848

 0.6360  0.5522  0.5390

 0.0074 -0.0893 -0.9960

-0.2381 -0.0294 -0.9708

 0.7604  0.4178 -0.4972

-0.6052 -0.5001  0.6194

-0.8502  0.5051 -0.1483

-0.8221 -0.0547 -0.5667

-0.9086 -0.0896  0.4080

 0.2519 -0.1510 -0.9559

-0.9970  0.0589 -0.0500

 0.9474 -0.0323  0.3185

 0.5611  0.3127  0.7664

-0.7782 -0.5945  0.2026

 0.7274 -0.3426  0.5946

 0.1156 -0.9890 -0.0925

 0.1099 -0.6880 -0.7174

-0.5077  0.8462 -0.1620

-0.8818 -0.4341 -0.1843

 0.4753 -0.8473  0.2371

 0.4536 -0.7988 -0.3952