-0.0002  0.0001  0.0003

-0.0005 -0.0004  0.0003

 0.0001  0.0007  0.0002

 0.0001 -0.0001 -0.0007

 0.0006 -0.0005 -0.0000

 0.0007 -0.0003  0.0001

-0.0004 -0.0006 -0.0001

-0.0000 -0.0002 -0.0007

-0.0004 -0.0000  0.0004

 0.0004 -0.0001 -0.0006

-0.0005  0.0001  0.0006

 0.0002  0.0002 -0.0005

 0.0006 -0.0003  0.0003

-0.0003  0.0005 -0.0005

 0.0005 -0.0000 -0.0002

 0.0001  0.0007 -0.0002

 0.0004  0.0002  0.0004

-0.0005 -0.0004 -0.0004

 0.0001 -0.0000  0.0002

 0.0003  0.0005 -0.0005

 0.0002 -0.0002 -0.0004

 0.0004 -0.0002  0.0004

 0.0004  0.0004  0.0001

 0.0003 -0.0004 -0.0003

-0.0001  0.0003 -0.0004

-0.0003  0.0002  0.0002

-0.0001  0.0002 -0.0007

-0.0004 -0.0003 -0.0006

-0.0006 -0.0003  0.0003

-0.0001 -0.0005 -0.0006

-0.0004  0.0004 -0.0000

 0.0002 -0.0001  0.0005

-0.0002  0.0006 -0.0003

 0.0004 -0.0002 -0.0004

 0.0001  0.0006 -0.0004

 0.0003 -0.0005  0.0001

-0.0005  0.0002 -0.0006

-0.0005  0.0003  0.0005

 0.0003 -0.0000  0.0002

 0.0001 -0.0002  0.0007

-0.0004  0.0006  0.0001

-0.0004  0.0002  0.0004

-0.0001  0.0001 -0.0003

-0.0000 -0.0002  0.0005

-0.0001 -0.0001 -0.0005

 0.0001 -0.0007  0.0001

 0.0004  0.0004 -0.0002

 0.0005 -0.0002  0.0002

 0.0002  0.0004 -0.0003

 0.0003 -0.0004 -0.0006

-0.0007  0.0001 -0.0001

-0.0005 -0.0002 -0.0002

 0.0003 -0.0000 -0.0003

 0.0003 -0.0007 -0.0001

-0.0002 -0.0003  0.0004

-0.0005  0.0003  0.0001

 0.0000 -0.0003 -0.0001

 0.0002  0.0003  0.0005

 0.0003  0.0005 -0.0001

 0.0005  0.0006 -0.0002

 0.0006  0.0003 -0.0003

 0.0005 -0.0001 -0.0000

 0.0002 -0.0006  0.0004

 0.0002  0.0001  0.0005

-0.0006 -0.0001  0.0005

 0.0002  0.0000  0.0007

 0.0001  0.0002 -0.0003

 0.0005  0.0002  0.0005

 0.0005  0.0003 -0.0000

 0.0005  0.0000 -0.0004

 0.0001 -0.0005  0.0003

-0.0001  0.0000  0.0001

 0.0004  0.0005 -0.0003

-0.0003 -0.0003  0.0006

-0.0000 -0.0000  0.0007

-0.0002  0.0005 -0.0001

-0.0003 -0.0005  0.0001

 0.0003 -0.0005  0.0005

-0.0001  0.0006 -0.0005

-0.0001 -0.0002  0.0007

-0.0002  0.0005  0.0005

-0.0005 -0.0005 -0.0000

-0.0003 -0.0005  0.0005

-0.0001  0.0000 -0.0007

-0.0006  0.0004  0.0001

 0.0007 -0.0003 -0.0001

 0.0002 -0.0002  0.0002

 0.0003 -0.0007  0.0002

-0.0000  0.0002  0.0005

 0.0003  0.0004  0.0003

-0.0000 -0.0005  0.0001

-0.0001  0.0007  0.0003

-0.0003  0.0000 -0.0000

-0.0003 -0.0006  0.0003

 0.0002 -0.0007 -0.0003

 0.0005  0.0001 -0.0000

 0.0000  0.0001  0.0003

 0.0002 -0.0005 -0.0004

-0.0007  0.0001  0.0002

 0.0006 -0.0002  0.0004

-0.0003  0.0003 -0.0006

 0.0004 -0.0003  0.0005

 0.0000  0.0002 -0.0001

-0.0001  0.0005 -0.0003

 0.0007  0.0000 -0.0001

-0.0004 -0.0001 -0.0006

 0.0000 -0.0000  0.0006

-0.0002  0.0007  0.0003

-0.0003  0.0001 -0.0005

 0.0004  0.0000  0.0004

-0.0001  0.0007  0.0001

 0.0000  0.0004  0.0006

-0.0002  0.0004  0.0006

 0.0001 -0.0003  0.0001

 0.0001 -0.0004 -0.0006

 0.0004 -0.0006 -0.0003

-0.0003  0.0002 -0.0001

 0.0004  0.0004  0.0005

 0.0003 -0.0001  0.0000

-0.0003 -0.0004 -0.0005

-0.0001  0.0003  0.0002

-0.0007  0.0003 -0.0001

 0.0000  0.0006 -0.0001

-0.0000 -0.0001  0.0004

 0.0001 -0.0001 -0.0000

 0.0004  0.0002  0.0000

 0.0000  0.0004 -0.0003

 0.0007 -0.0001 -0.0002

-0.0001 -0.0006  0.0004

 0.0005 -0.0000  0.0005

-0.0001 -0.0005 -0.0002

-0.0005 -0.0004 -0.0002

-0.0005 -0.0001  0.0000

-0.0007 -0.0000  0.0000

 0.0001 -0.0002 -0.0002

-0.0002 -0.0001  0.0003

-0.0003 -0.0000  0.0002

-0.0003 -0.0000  0.0007

 0.0003 -0.0005 -0.0001

-0.0006 -0.0003 -0.0003

 0.0005  0.0006  0.0001

-0.0005  0.0001  0.0002

-0.0005  0.0001  0.0000

 0.0007  0.0002  0.0003

 0.0000  0.0006  0.0005

 0.0007 -0.0001  0.0000

 0.0000 -0.0002  0.0003

-0.0005  0.0003 -0.0005

-0.0003  0.0002  0.0006

 0.0007 -0.0001  0.0002

-0.0002 -0.0003 -0.0001

 0.0006 -0.0003 -0.0003

-0.0003  0.0001 -0.0002

-0.0001  0.0002  0.0007

-0.0006 -0.0004  0.0002

-0.0004 -0.0002  0.0003

-0.0002 -0.0003 -0.0006

 0.0001 -0.0005  0.0005

-0.0001 -0.0006 -0.0001

-0.0001  0.0007 -0.0001

-0.0002  0.0003  0.0004

 0.0002  0.0003  0.0001

-0.0001  0.0001 -0.0001

-0.0007 -0.0001  0.0003

 0.0006  0.0000  0.0004

-0.0004  0.0006 -0.0001

 0.0005  0.0002 -0.0002

 0.0000  0.0002  0.0001

-0.0004 -0.0001 -0.0003

 0.0003  0.0001 -0.0002

-0.0003  0.0001 -0.0007

 0.0001  0.0005  0.0003

-0.0005 -0.0002  0.0002

 0.0004  0.0002 -0.0003

 0.0002  0.0005  0.0005

 0.0003  0.0003  0.0006

 0.0004 -0.0003  0.0001

 0.0004 -0.0003 -0.0006

-0.0006 -0.0002 -0.0004

-0.0005  0.0000 -0.0002

-0.0000  0.0007 -0.0003

 0.0002  0.0002  0.0002

 0.0005  0.0003  0.0004

-0.0001 -0.0002 -0.0003

-0.0004 -0.0001  0.0006

-0.0001  0.0003  0.0000

 0.0006  0.0004 -0.0001

 0.0001  0.0005 -0.0002

 0.0005  0.0000  0.0002

-0.0001 -0.0002  0.0001

-0.0002 -0.0007  0.0002

 0.0003  0.0006  0.0002

 0.0005 -0.0005 -0.0002

 0.0002 -0.0001 -0.0005

-0.0005  0.0002 -0.0001

-0.0002 -0.0001 -0.0003

-0.0002 -0.0004 -0.0004

 0.0001  0.0000 -0.0002

 0.0001 -0.0005 -0.0000

 0.0002 -0.0003 -0.0001

 0.0004  0.0003 -0.0005

-0.0004  0.0003  0.0003

-0.0002 -0.0001 -0.0007

-0.0006  0.0003  0.0003

-0.0002  0.0001  0.0005

-0.0004 -0.0006  0.0002

-0.0001  0.0001 -0.0005

-0.0006  0.0001  0.0004

 0.0002  0.0003 -0.0001

-0.0004 -0.0004  0.0002

-0.0003 -0.0007  0.0001

 0.0007  0.0003  0.0001

 0.0001  0.0000 -0.0006

-0.0007 -0.0002  0.0001

 0.0002  0.0003 -0.0006

-0.0001 -0.0004  0.0000

-0.0001  0.0004 -0.0006

-0.0002 -0.0006 -0.0004

-0.0003  0.0005  0.0001

-0.0001  0.0005  0.0001

-0.0003 -0.0002  0.0001

-0.0003  0.0003 -0.0004

-0.0003 -0.0002 -0.0005

-0.0003  0.0004 -0.0002

 0.0006 -0.0001 -0.0004

-0.0005  0.0005 -0.0001

-0.0004 -0.0005 -0.0003

-0.0000  0.0004  0.0004

-0.0007  0.0003  0.0001

-0.0001 -0.0007  0.0000

-0.0004 -0.0003 -0.0000

 0.0003  0.0006 -0.0003

 0.0006  0.0004  0.0002

-0.0003  0.0007  0.0001

-0.0003 -0.0001 -0.0001

 0.0003 -0.0001  0.0007

 0.0001  0.0005 -0.0006

 0.0003 -0.0001 -0.0002

 0.0004  0.0002 -0.0006

-0.0002 -0.0007 -0.0002

 0.0004  0.0005  0.0003

 0.0006  0.0002 -0.0004

-0.0007 -0.0000 -0.0003

-0.0003 -0.0004 -0.0002

-0.0000 -0.0007 -0.0003

-0.0002 -0.0001  0.0005

 0.0001 -0.0005 -0.0002

 0.0004 -0.0006  0.0000

 0.0003 -0.0004  0.0002

-0.0005  0.0001 -0.0003

 0.0001 -0.0003  0.0007

 0.0003 -0.0003  0.0006

 0.0001  0.0003 -0.0005

-0.0007  0.0002 -0.0003

-0.0003  0.0004  0.0005

 0.0001  0.0002  0.0007

 0.0001  0.0003  0.0002

 0.0002  0.0001  0.0000

 0.0002 -0.0001  0.0003

 0.0001  0.0007  0.0000

 0.0000 -0.0007  0.0003

-0.0001 -0.0004  0.0006

 0.0000  0.0004 -0.0000

 0.0005 -0.0004  0.0004

 0.0004  0.0002  0.0002

 0.0001 -0.0006 -0.0005

 0.0004 -0.0004 -0.0004

 0.0002  0.0005  0.0001

-0.0005 -0.0003  0.0005

 0.0005 -0.0003 -0.0002

-0.0001 -0.0003  0.0002

-0.0004  0.0005  0.0004

 0.0003  0.0007 -0.0000

 0.0007  0.0001 -0.0003

-0.0001  0.0003 -0.0002

-0.0004  0.0005 -0.0004

-0.0001 -0.0001 -0.0001

 0.0007  0.0002 -0.0001

-0.0007 -0.0003 -0.0001

 0.0001  0.0002 -0.0007

 0.0007  0.0001  0.0001

-0.0000 -0.0004  0.0004

 0.0004 -0.0006  0.0003

-0.0006  0.0004 -0.0003

 0.0001 -0.0004 -0.0004

 0.0000 -0.0002 -0.0005

 0.0003  0.0006  0.0004

 0.0002 -0.0003  0.0004

 0.0002 -0.0002 -0.0007

-0.0003 -0.0003 -0.0003

 0.0000 -0.0007 -0.0001

-0.0005  0.0005  0.0003

 0.0003  0.0001 -0.0007

-0.0002 -0.0005  0.0002

-0.0002  0.0005  0.0003

-0.0006  0.0000 -0.0005

 0.0004  0.0001  0.0006

 0.0000 -0.0000 -0.0004

-0.0007 -0.0001 -0.0001

 0.0005 -0.0005  0.0002

-0.5416  0.7498  0.3801

 0.1920  0.9571  0.2172

 0.0659 -0.0651 -0.9957

 0.1185 -0.6205 -0.7752

-0.3428 -0.1801 -0.9220

 0.9437  0.2095  0.2561

-0.3538  0.8797  0.3178

-0.2812  0.2189 -0.9344

-0.4762 -0.5831  0.6582

 0.9764  0.1271 -0.1745

 0.4203  0.4535  0.7860

-0.7492 -0.6590 -0.0668

-0.6556  0.7522  0.0669

-0.9792  0.1171  0.1656

-0.0089 -0.8483  0.5295

 0.1089 -0.5917  0.7988

-0.5818  0.4287 -0.6912

 0.6798 -0.3923 -0.6197

-0.3129  0.4879  0.8149

 0.3413 -0.8880  0.3083

-0.2843 -0.9418 -0.1793

-0.2283  0.4121 -0.8821

 0.0063  0.8456  0.5338

-0.0220 -0.4891 -0.8720

-0.4383 -0.8492 -0.2944

-0.8557 -0.5148  0.0522

 0.0354 -0.2795 -0.9595

-0.9852 -0.0961  0.1418

 0.4438 -0.4835  0.7545

 0.5012  0.2675 -0.8229

 0.7933 -0.5301  0.2995

 0.5627 -0.2867 -0.7754

 0.8531  0.2383  0.4641

-0.8100  0.4516 -0.3740

-0.4440 -0.5136 -0.7342

 0.9042 -0.3775  0.1996

-0.7911  0.1436 -0.5946

-0.9299 -0.3618 -0.0668

 0.5269  0.6274 -0.5733

-0.5142  0.8361  0.1910

-0.8014 -0.3877  0.4554

 0.8157 -0.2708 -0.5111

-0.5116  0.8584 -0.0391

-0.3474  0.9329  0.0954

 0.3025 -0.6369  0.7091

 0.7465 -0.4563  0.4843

-0.4934  0.1152 -0.8621

-0.5814 -0.1935  0.7903

 0.0472 -0.7761 -0.6288

-0.2749 -0.6350  0.7219

 0.9200  0.0449  0.3892

 0.1280 -0.9918  0.0058

-0.0786 -0.9947 -0.0670

 0.9063 -0.4227 -0.0050

-0.5207 -0.0900 -0.8490

-0.0098  0.4865 -0.8736

 0.0411  0.5466  0.8364

 0.4255  0.6204  0.6589

 0.6752  0.2973 -0.6751

-0.8845 -0.1777 -0.4314

 0.5689  0.7995 -0.1929

 0.9733 -0.2107  0.0913

-0.1616 -0.8033 -0.5732

 0.7212  0.6927 -0.0074

 0.5968  0.4366  0.6732

-0.9144 -0.2436  0.3234

 0.1362 -0.0764  0.9877

-0.6326  0.2712  0.7254

 0.9639 -0.0716 -0.2566

-0.0066 -0.8983 -0.4394

-0.3858 -0.7739 -0.5022

-0.0926 -0.6682 -0.7382

 0.9083 -0.2674 -0.3216

 0.8216  0.5469  0.1605

 0.3957  0.8602 -0.3217

-0.8446 -0.5017 -0.1868

-0.1190 -0.5383  0.8343

-0.1078  0.0842 -0.9906

-0.3508 -0.3743 -0.8584

-0.9604  0.1505 -0.2344

 0.6324 -0.7552 -0.1723

 0.0279  0.7134  0.7002

 0.3088  0.2146 -0.9266

 0.3788 -0.3622 -0.8517

-0.9260 -0.2771 -0.2565

 0.3282  0.2752  0.9036

 0.5118  0.4567 -0.7277

 0.2344  0.6242  0.7453

 0.3647  0.8704  0.3308

-0.0405 -0.6993  0.7136

 0.9079  0.2838 -0.3085

 0.3593  0.6090 -0.7071

-0.5037  0.6142 -0.6076

-0.1009  0.2127  0.9719

 0.2632 -0.7213 -0.6406

 0.4745  0.0863  0.8760

 0.2043  0.7383 -0.6428

 0.8801 -0.0841 -0.4672

-0.7072 -0.3092  0.6359

-0.3682  0.7786  0.5082

-0.6840  0.7162 -0.1384

 0.5691 -0.7250 -0.3881

 0.3917  0.9132 -0.1119

 0.5585  0.7323 -0.3896

 0.6479  0.1158 -0.7528

-0.4210 -0.8355  0.3531

-0.7372  0.1094  0.6668

 0.8487  0.5266 -0.0489

-0.3484  0.8780 -0.3282

 0.4224 -0.1501 -0.8939

 0.2306  0.4522  0.8616

 0.5346  0.2718  0.8002

 0.0243  0.6800 -0.7328

-0.0714 -0.0069  0.9974

-0.6861  0.4315  0.5857

-0.6922 -0.5323 -0.4874

 0.0396  0.8359 -0.5475

-0.7363 -0.1019  0.6689

 0.9983 -0.0420 -0.0401

 0.5601  0.8284  0.0080

-0.9656 -0.0609 -0.2529

-0.6695  0.0252 -0.7424

-0.6519 -0.5043  0.5663

-0.2221 -0.8781  0.4238

-0.3432  0.7880 -0.5110

-0.2869  0.2859  0.9143

-0.2436 -0.8847 -0.3974

-0.2341 -0.1487  0.9608

-0.3895  0.4990 -0.7742

 0.3052 -0.9461 -0.1087

-0.6258 -0.4229 -0.6554

-0.9012  0.4334  0.0048

 0.3307 -0.9384  0.1005

 0.6361 -0.6293  0.4464

 0.2607 -0.9128 -0.3145

 0.2841  0.0857  0.9550

 0.1683 -0.8883  0.4273

-0.7246 -0.6228 -0.2951

 0.4612  0.0672 -0.8847

 0.9850  0.0088  0.1723

-0.5451  0.6338  0.5488

 0.6509  0.0878  0.7541

-0.0947 -0.9581 -0.2703

-0.0339 -0.9407  0.3375

-0.6171 -0.7854  0.0471

-0.5718 -0.7176 -0.3977

-0.1636  0.9865 -0.0108

-0.1398 -0.1249 -0.9823

-0.1790  0.8835  0.4329

 0.7298 -0.6126 -0.3035

 0.0042  0.9446  0.3283

-0.3962 -0.2762  0.8756

 0.1042  0.1484 -0.9834

 0.2147  0.7692  0.6018

-0.7944  0.6066  0.0314

 0.2156  0.8715 -0.4405

 0.9139  0.0988 -0.3936

-0.3400  0.9319 -0.1261

 0.7154 -0.1017  0.6912

-0.3091 -0.6742 -0.6708

-0.0238 -0.2216  0.9748

 0.7319  0.5752  0.3652

-0.5289  0.8127 -0.2446

 0.8029  0.3864 -0.4539

 0.3994  0.7619  0.5098

-0.6795 -0.1913 -0.7083

-0.1792  0.7651  0.6184

-0.3578  0.6457  0.6745

-0.6027  0.0271  0.7975

 0.5123 -0.4864 -0.7078

-0.1605 -0.3328 -0.9293

-0.8521 -0.4554  0.2579

 0.7903 -0.4508 -0.4150

 0.1997 -0.2719  0.9414

-0.3171  0.6671 -0.6741

-0.2719 -0.9619  0.0291

 0.9614 -0.2489 -0.1174

 0.1492 -0.9642  0.2191

 0.6640  0.4740 -0.5783

 0.4784 -0.6507  0.5897

 0.5482 -0.1086  0.8293

-0.6085 -0.7728 -0.1806

 0.9233  0.3685  0.1084

 0.2134  0.9494 -0.2305

 0.0137  0.9943  0.1053

-0.6698  0.5374 -0.5125

-0.1540  0.6167  0.7720

-0.5227 -0.6235 -0.5814

-0.9128  0.3524 -0.2065

 0.9845  0.1717  0.0372

-0.8317  0.3962  0.3891

-0.1583  0.9584 -0.2374

 0.6852  0.7013  0.1966

 0.3686  0.9240  0.1015

 0.6674 -0.7437  0.0378

 0.1820 -0.8536 -0.4880

 0.0998 -0.9716 -0.2145

 0.5931 -0.2990  0.7476

-0.4612  0.1469  0.8751

 0.5149 -0.8388  0.1767

 0.1811 -0.4301 -0.8845

-0.0586 -0.9889  0.1369

-0.8297  0.5139  0.2180

 0.1870  0.8838  0.4289

 0.3319 -0.7864  0.5209

 0.4620 -0.6566 -0.5961

-0.9416 -0.0299  0.3355

-0.1549  0.8833 -0.4425

-0.3446 -0.4670  0.8143

 0.3775  0.7637 -0.5237

 0.6384 -0.5707 -0.5164

-0.8033 -0.0702 -0.5914

 0.8131  0.2030 -0.5456

 0.0215  0.9918 -0.1260

-0.4476 -0.8822  0.1462

 0.0844  0.3373  0.9376

 0.8695 -0.4462 -0.2119

-0.7062  0.5653  0.4262

-0.5189  0.4958  0.6964

-0.5401 -0.3980  0.7416

-0.2500 -0.9401  0.2318

-0.5277 -0.2966 -0.7960

-0.6380  0.2321 -0.7343

-0.3192  0.0194 -0.9475

 0.8061  0.0701  0.5877

 0.6073 -0.4812  0.6322

-0.9700  0.2421 -0.0203

 0.0381 -0.4152  0.9089

-0.9847 -0.1627 -0.0624

-0.2258 -0.5327 -0.8156

 0.4971 -0.8670 -0.0343

-0.8265 -0.4139 -0.3816

-0.5970 -0.7569  0.2659

 0.8071 -0.5812  0.1036

 0.5964  0.5941  0.5398

-0.7721 -0.3085 -0.5556

-0.1918 -0.7774  0.5990

-0.6942  0.6738  0.2529

-0.9124  0.1899  0.3626

-0.5666 -0.6802  0.4651

 0.7871 -0.6089 -0.0990

-0.9021  0.0448 -0.4293

-0.7998  0.2603  0.5409

-0.6925  0.6411 -0.3308

 0.7475  0.4227  0.5124

 0.7158  0.2584  0.6487

-0.2720  0.0691  0.9598

-0.0641  0.2892 -0.9551

 0.8633 -0.3117  0.3969

-0.7470  0.3459 -0.5677

 0.7819  0.0190 -0.6231

-0.8754  0.2537 -0.4116

 0.7046  0.5838 -0.4035

-0.1860 -0.3542  0.9165

-0.4670  0.3413  0.8157

 0.4121 -0.2980  0.8610

 0.9360  0.3365 -0.1030

-0.8201  0.5442 -0.1766

 0.2321 -0.2176 -0.9480

-0.8579  0.0378  0.5124

-0.1636  0.5936 -0.7880

 0.3875 -0.7994 -0.4591

 0.8384  0.4817 -0.2551

 0.9429 -0.1534  0.2955

 0.3540 -0.1106  0.9287

 0.3230 -0.5567 -0.7654

 0.2685  0.0001 -0.9633

-0.5304  0.7285 -0.4336

 0.7245 -0.1740 -0.6669

 0.5652  0.7279  0.3882

-0.8446 -0.1769  0.5053

 0.5007 -0.7743  0.3869

-0.7441 -0.6474  0.1649

-0.4312 -0.0691  0.8996

 0.7472 -0.2846  0.6006

 0.1527 -0.7596  0.6322

 0.3371  0.4184 -0.8434

 0.0308  0.9381 -0.3451

-0.9265  0.3237  0.1919

-0.1743  0.9607  0.2162

-0.3881 -0.7442  0.5436

 0.0966  0.1418  0.9852

-0.4496  0.3130 -0.8366

 0.8588  0.4000  0.3201

 0.1986  0.9800 -0.0116

 0.5222  0.8268  0.2089

 0.5991 -0.0755 -0.7971

-0.9981  0.0413 -0.0452

 0.4571 -0.8539 -0.2488

 0.1805  0.5600 -0.8086

-0.7242 -0.5822  0.3696

 0.2564 -0.4559  0.8523

-0.1396  0.7674 -0.6258

 0.8539 -0.1219  0.5059

 0.1466  0.3558 -0.9230

-0.1178  0.4237  0.8981

-0.9433 -0.3053  0.1303

 0.7228  0.6585 -0.2095

 0.6685 -0.7020  0.2457

-0.4612 -0.8845 -0.0697

-0.7266  0.5276 -0.4401
 0.8513 -0.0711 -0.5199
-0.0626  0.9977 -0.0250
 0.7414 -0.4371 -0.5093
-0.2384  0.9436  0.2297
-0.2586  0.9656  0.0270
-0.6529  0.1608  0.7401
-0.4800  0.4819 -0.7331
-0.7287  0.1977 -0.6557
-0.1326 -0.4976 -0.8572
 0.9777  0.0794 -0.1947
 0.6203 -0.3518  0.7011
-0.7604  0.6075 -0.2299
 0.3545 -0.9038  0.2396
 0.2168 -0.9588 -0.1838
 0.6384  0.4210  0.6443
-0.0751  0.9024 -0.4243
-0.6087 -0.1953  0.7690
-0.1493  0.3609 -0.9206
-0.8479  0.0817 -0.5238
 0.9456 -0.3254 -0.0008
-0.2960 -0.4917  0.8189
-0.8693  0.4857 -0.0919
 0.2794 -0.4329  0.8570
-0.6927  0.4915  0.5278
 0.1407 -0.9138 -0.3811
 0.0110  0.5543  0.8322
 0.8433  0.2823 -0.4573
-0.2750  0.9456 -0.1741
 0.9855 -0.1276 -0.1116
-0.8045  0.3218 -0.4992
 0.2283  0.2119  0.9502
 0.8697 -0.0590  0.4900
 0.0326  0.1932  0.9806
-0.5894 -0.1483 -0.7941
 0.2347 -0.3541 -0.9053
-0.4481  0.7331  0.5117
 0.1389  0.9895  0.0390
 0.9839 -0.1461  0.1029
 0.9189 -0.3246  0.2242
 0.5415 -0.7878  0.2936
 0.3660 -0.6756 -0.6400
 0.1025  0.3960 -0.9125
-0.3830 -0.7328 -0.5624
-0.7292  0.3059  0.6122
-0.0478 -0.6686 -0.7421
-0.0737  0.9700 -0.2316
 0.3546 -0.8710 -0.3400
-0.9209 -0.3635 -0.1404
 0.2153  0.8039  0.5544
 0.6755 -0.6258 -0.3899
-0.3627  0.3467 -0.8650
 0.2704 -0.6227  0.7343
-0.7188 -0.6040  0.3444
 0.2103 -0.8955  0.3922
-0.3317 -0.4393 -0.8348
-0.9290 -0.0424 -0.3676
 0.5509  0.6048  0.5750
-0.7111  0.6712  0.2092
 0.7371 -0.6465 -0.1968
-0.9125 -0.2539 -0.3209
-0.3996  0.4682  0.7881
-0.7660 -0.4222  0.4848
-0.2324 -0.0676  0.9703
-0.0893  0.3646  0.9269
-0.8496 -0.4433  0.2858
-0.8111  0.1208  0.5723
-0.0945  0.0455 -0.9945
 0.2247  0.2195 -0.9494
 0.5285  0.2966  0.7954
 0.3199  0.9073 -0.2729
 0.2385  0.5484  0.8015
 0.0221 -0.3479 -0.9373
-0.4228 -0.1404  0.8953
 0.3389  0.9280  0.1547
 0.1491 -0.9712  0.1858
-0.6288  0.6541  0.4204
-0.0805 -0.9867  0.1411
 0.9397 -0.1299  0.3164
 0.3267  0.9433 -0.0586
 0.1615 -0.6913 -0.7043
-0.3529  0.8559  0.3779
-0.1172  0.6867  0.7175
 0.7289 -0.6381  0.2481
 0.0473 -0.8156 -0.5767
 0.6047 -0.1502  0.7821
 0.1274  0.9202 -0.3702
-0.3431 -0.8185  0.4608
-0.6617  0.4182 -0.6223
-0.9122  0.1344  0.3871
-0.7271 -0.0395  0.6853
-0.4490  0.7600 -0.4699
 0.6631  0.7273  0.1771
-0.2640 -0.6320 -0.7287
 0.0687  0.6811 -0.7289
-0.7098 -0.5637 -0.4223
-0.8755 -0.2547  0.4107
 0.0900 -0.5447  0.8338
-0.6258 -0.5675  0.5351
-0.0398  0.5317 -0.8460
 0.8678  0.3761  0.3249
 0.9127  0.0954 -0.3974
 0.4070 -0.8021  0.4371
-0.3100 -0.9464  0.0905
 0.5862  0.0671  0.8074
 0.6299  0.1539 -0.7613
-0.2702 -0.8535 -0.4456
 0.9727  0.0434  0.2280
 0.5896 -0.1973 -0.7833
 0.4930  0.8242  0.2788
-0.9535 -0.0591  0.2954
-0.7644 -0.2317  0.6017
 0.2337  0.0105  0.9722
 0.3190  0.8209 -0.4737
-0.0449  0.9803  0.1925
-0.4420  0.1595 -0.8827
-0.2503  0.1645 -0.9541
-0.5539 -0.6295 -0.5449
-0.7548  0.6559 -0.0113
-0.9714  0.1425  0.1897
-0.9705 -0.2408  0.0123
 0.5850 -0.5826 -0.5643
-0.2021  0.5198  0.8301
 0.3029  0.8773  0.3722
 0.6537  0.6266 -0.4243
 0.8609 -0.2768 -0.4268
-0.8975 -0.4343  0.0760
-0.9427 -0.2551  0.2150
-0.7843 -0.6047  0.1386
 0.9243  0.2814 -0.2577
 0.5893 -0.5428  0.5984
 0.9110  0.1643  0.3782
 0.9557  0.2414  0.1685
-0.2600  0.7908 -0.5542
-0.8658 -0.0650  0.4961
-0.0599  0.7979 -0.5998
 0.7920  0.3281  0.5149
 0.0019 -0.9434  0.3317
-0.4373 -0.0370 -0.8986
 0.7091 -0.0394 -0.7040
-0.3759  0.6492 -0.6613
 0.9263 -0.3056 -0.2206
-0.8366  0.3281  0.4387
 0.0680 -0.7117  0.6992
-0.8327 -0.4747 -0.2852
-0.6308 -0.7519  0.1914
 0.8601 -0.4950  0.1231
 0.5294  0.3573 -0.7695
-0.7445 -0.0372 -0.6666
-0.7891  0.5158  0.3337
-0.8236 -0.5614 -0.0808
-0.0251  0.0018  0.9997
-0.3749  0.0855  0.9231
-0.4656 -0.3437  0.8156
-0.1919 -0.2964 -0.9356
 0.8659 -0.4886 -0.1070
 0.6344 -0.7644  0.1153
-0.4372 -0.8615  0.2581
 0.2454 -0.7755  0.5817
-0.5694  0.2908 -0.7689
-0.2781  0.8869 -0.3689
-0.3276  0.6489  0.6868
-0.4562  0.8876 -0.0630
-0.1279  0.9056  0.4043
-0.6051  0.7931  0.0699
-0.0014  0.2282 -0.9736
-0.4775 -0.5257  0.7039
-0.4571 -0.6888  0.5627
 0.2804 -0.9597  0.0214
-0.1108 -0.6118  0.7832
 0.4539  0.5006  0.7371
-0.4650  0.8430 -0.2705
-0.9070  0.3402  0.2482
-0.2366  0.7958  0.5574
 0.5568 -0.7790 -0.2884
-0.8478  0.5154  0.1247
-0.6521 -0.4513 -0.6092
 0.3875 -0.1672 -0.9066
-0.9420  0.2916 -0.1660
 0.7828  0.5651  0.2605
 0.4238 -0.8946 -0.1416
-0.6894 -0.7242 -0.0153
-0.8423 -0.1568 -0.5157
-0.1544 -0.9864 -0.0564
 0.9414 -0.1058 -0.3203
-0.6261  0.7656 -0.1477
 0.7544 -0.2311 -0.6144
 0.7975  0.6016  0.0454
-0.3719 -0.9219 -0.1085
-0.6182  0.6995 -0.3586
-0.2115 -0.9435 -0.2551
-0.9953 -0.0529  0.0810
-0.1501 -0.8747  0.4608
-0.5656  0.6037 -0.5618
-0.0176  0.8125  0.5827
 0.1801 -0.1645 -0.9698
 0.4775  0.6800 -0.5564
-0.4148 -0.8555 -0.3099
-0.6122  0.0696 -0.7876
 0.4327 -0.0719  0.8987
-0.2996 -0.6660  0.6831
-0.4292  0.8905  0.1509
 0.2567 -0.8113 -0.5253
-0.9920  0.1250 -0.0179
 0.6213  0.6839  0.3824
 0.9662  0.2539 -0.0446
 0.4148  0.1423  0.8987
-0.4836  0.2436  0.8407
 0.1508  0.9583  0.2426
 0.0673 -0.9976 -0.0176
 0.8554 -0.2826  0.4341
 0.4912  0.7887 -0.3696
 0.7940  0.1224 -0.5955
 0.9983  0.0553  0.0170
 0.2908 -0.2232  0.9304
-0.2522 -0.0837 -0.9641
-0.2966  0.3172  0.9008
 0.6097 -0.7874 -0.0909
 0.4351  0.7583  0.4854
 0.7235  0.5157  0.4588
-0.9089  0.2035 -0.3641
 0.2028  0.5495 -0.8105
 0.6904  0.2147  0.6909
 0.1081 -0.1469  0.9832
-0.5534 -0.7382  0.3858
 0.2801 -0.5315 -0.7994
-0.2672  0.5181 -0.8125
-0.8530  0.4213 -0.3080
-0.1011 -0.4309  0.8967
-0.5611 -0.7382 -0.3744
 0.1343  0.8193 -0.5575
 0.7668 -0.6418  0.0126
 0.7595 -0.2174  0.6131
 0.1152  0.6965  0.7082
 0.5860  0.5138 -0.6266
 0.6258 -0.6498  0.4314
 0.7005  0.3107 -0.6424
-0.1371 -0.7660  0.6281
 0.6629  0.7478 -0.0368
 0.4698 -0.8800  0.0699
-0.9751  0.0759 -0.2083
 0.7356 -0.0190  0.6772
 0.7347 -0.4313  0.5236
-0.5413  0.7882  0.2929
-0.4550 -0.5465 -0.7030
 0.6259 -0.3800 -0.6811
 0.8246  0.4697 -0.3154
-0.9806 -0.1217 -0.1538
 0.5268 -0.0074 -0.8500
 0.7796  0.6022 -0.1716
 0.4381 -0.3468 -0.8293
 0.0007 -0.9755 -0.2201
-0.2347 -0.9302  0.2822
 0.8066 -0.4818  0.3424
 0.5119  0.8568  0.0623
-0.9434  0.3288  0.0445
-0.7100 -0.6655 -0.2303
-0.0888 -0.2236  0.9706
 0.8222  0.1270  0.5548
-0.5238  0.5773  0.6264
-0.0334 -0.1536 -0.9876
-0.1612  0.6683 -0.7262
 0.1308  0.9769 -0.1688
 0.0959 -0.3527  0.9308
 0.3421  0.3688  0.8643
-0.2782 -0.2946  0.9142
-0.1805  0.1550  0.9713
 0.0766  0.9042  0.4201
 0.8954  0.4305  0.1136
-0.5616 -0.8123 -0.1574
 0.8925  0.4396 -0.1008
-0.3972 -0.2432 -0.8849
 0.1164  0.0350 -0.9926
-0.1614 -0.7793 -0.6055
-0.6361 -0.3877  0.6671
-0.5762  0.3904  0.7180
-0.8018 -0.3647 -0.4734
 0.4080  0.5426 -0.7342
 0.7371  0.4579 -0.4970
 0.4703 -0.5139 -0.7175
-0.5366 -0.3559 -0.7651
 0.4739 -0.7428 -0.4729
 0.0517 -0.8465  0.5298
-0.5542  0.0081  0.8323
 0.3437  0.6690  0.6590
 0.4960  0.8545 -0.1542
 0.1233  0.3957  0.9101
 0.4406  0.1937 -0.8765
-0.5110 -0.8581  0.0508
 0.3245  0.0262 -0.9455
-0.7116 -0.2552 -0.6547
 0.3302  0.3827 -0.8628
 0.4460 -0.4969  0.7444
 0.4606 -0.2976  0.8362
 0.6435  0.7242 -0.2481
-0.0665 -0.9046 -0.4211
 0.0793 -0.5283 -0.8453
 0.2835  0.6970 -0.6587
 0.8223 -0.4727 -0.3169
 0.4382 -0.6756  0.5929

 0.1147  0.4537 -0.8837
 0.9920  0.0268  0.1234
 0.2601  0.8948 -0.3628
-0.2820  0.9512 -0.1251
 0.3318  0.1248 -0.9351
-0.6032  0.6157  0.5070
 0.4429  0.7824  0.4378
 0.3897  0.5801  0.7153
-0.7603 -0.1412 -0.6340
 0.6160  0.2704  0.7399
-0.1219  0.2126  0.9695
 0.2330 -0.9616 -0.1447
 0.9863 -0.1640 -0.0201
-0.3068  0.8463  0.4355
 0.1487  0.2391 -0.9595
-0.1979  0.2029 -0.9590
-0.1095 -0.6562 -0.7466
 0.5555 -0.1974  0.8077
-0.4774  0.3472 -0.8071
-0.0533 -0.8845 -0.4635
-0.8631 -0.3750 -0.3384
 0.6277 -0.3520  0.6943
-0.7057 -0.7044 -0.0767
-0.2602 -0.8733 -0.4119
 0.0766 -0.8707  0.4858
 0.1044 -0.4161 -0.9033
 0.2772  0.5431 -0.7926
-0.3090 -0.5064  0.8050
 0.4551 -0.4412  0.7734
-0.6163  0.7344 -0.2843
 0.2334  0.4917  0.8389
 0.2861 -0.1173  0.9510
 0.8525  0.4379 -0.2855
 0.2777  0.0928  0.9562
 0.0917 -0.9466 -0.3091
 0.0931 -0.0585  0.9939
 0.8760 -0.3092 -0.3703
 0.4684 -0.4223 -0.7761
-0.4970  0.3629  0.7882
-0.2481 -0.9001  0.3582
 0.3492 -0.9114  0.2177
 0.5349  0.8423  0.0663
-0.4726 -0.4309 -0.7687
 0.3485  0.7771 -0.5241
-0.4461  0.5734  0.6871
-0.9933  0.0109 -0.1148
-0.0388  0.7638 -0.6443
 0.9438  0.0068  0.3305
-0.3587  0.5318 -0.7671
-0.8562  0.4776 -0.1971
 0.4848 -0.8059  0.3398
 0.4324 -0.8806 -0.1937
 0.9728  0.2292  0.0326
 0.9009 -0.1913  0.3897
 0.4885 -0.2191 -0.8446
-0.6997 -0.6131  0.3668
 0.5378 -0.6728 -0.5080
 0.1773  0.9583  0.2243
 0.7542  0.3151  0.5761
-0.8044 -0.5541 -0.2141
-0.8571 -0.0461  0.5131
 0.9459  0.2075  0.2495
-0.0506 -0.0990 -0.9938
-0.7285 -0.1242  0.6737
-0.6855 -0.3334  0.6472
-0.1221  0.5211 -0.8447
 0.3920 -0.9199  0.0087
 0.1734  0.6659  0.7256
-0.0458  0.3424 -0.9385
-0.0264  0.9862  0.1633
 0.8534  0.3615  0.3755
-0.0338  0.7243  0.6887
 0.5292  0.6350  0.5628
-0.8188  0.5222  0.2385
 0.2453  0.8742  0.4191
 0.4551  0.8246 -0.3361
-0.6810  0.6650  0.3066
 0.0230  0.5540  0.8322
-0.0075 -0.7433  0.6689
 0.1910 -0.9793  0.0677
 0.4543  0.1918  0.8699
-0.8271 -0.2426  0.5071
 0.8728  0.1660  0.4590
-0.7339 -0.6646  0.1403
 0.6818 -0.4870  0.5459
 0.5049  0.8524 -0.1357
-0.3843 -0.9231 -0.0169
-0.0991 -0.4898 -0.8662
-0.8327 -0.4992  0.2398
-0.2355  0.9676  0.0912
-0.3276  0.4734  0.8177
-0.9487 -0.0063 -0.3160
-0.5083 -0.4251  0.7490
 0.8394 -0.5384 -0.0752
 0.5862 -0.8056 -0.0861
 0.9057  0.4179 -0.0712
-0.1041 -0.0012  0.9946
 0.0429  0.6258 -0.7788
 0.8464 -0.0421  0.5310
 0.1064  0.8181  0.5652
-0.9243  0.3484  0.1560
 0.0315  0.9243  0.3804
 0.5885  0.4627  0.6630
 0.7552 -0.4231 -0.5007
 0.7865  0.5937 -0.1701
 0.6337  0.3359 -0.6969
-0.7721 -0.4418  0.4568
-0.2182 -0.9638  0.1535
-0.0800 -0.3006 -0.9504
-0.2370 -0.0003 -0.9715
-0.6054  0.7933 -0.0647
 0.5525  0.7908  0.2634
-0.7639  0.0962  0.6381
-0.9145 -0.3844 -0.1266
 0.8737  0.0832 -0.4793
 0.6121  0.0610  0.7884
-0.1713  0.9362  0.3068
-0.8927 -0.3092  0.3279
-0.2753  0.3808 -0.8827
-0.8705  0.3373  0.3585
 0.1302  0.8306 -0.5414
 0.5432 -0.8303  0.1247
-0.2974 -0.5902 -0.7504
-0.6329 -0.2928 -0.7167
 0.7701  0.2141 -0.6009
-0.2994  0.0655  0.9519
 0.3121  0.9357 -0.1646
-0.5405 -0.6838  0.4901
 0.3043 -0.3229 -0.8962
-0.7731 -0.3371 -0.5373
 0.8172 -0.3797  0.4336
-0.4620 -0.2401 -0.8538
-0.5578  0.4957 -0.6657
-0.1795 -0.9822 -0.0549
-0.5944 -0.7612  0.2594
-0.4447 -0.0780  0.8923
-0.4824  0.1497  0.8631
-0.1110  0.8471  0.5197
 0.1580 -0.2822  0.9462
 0.0558  0.9262 -0.3729
-0.4680 -0.8095 -0.3545
 0.7622  0.4043 -0.5056
 0.0288 -0.4361  0.8994
-0.6203 -0.5220  0.5854
-0.5324 -0.8322 -0.1547
 0.5989 -0.6655  0.4455
-0.3926  0.1743 -0.9031
 0.3697 -0.7795 -0.5056
-0.2539  0.7275  0.6374
-0.7421  0.5724 -0.3487
-0.7199  0.4471 -0.5310
-0.4157 -0.8909  0.1828
 0.7588 -0.5559  0.3395
-0.4321  0.7189  0.5445
-0.6432  0.2339  0.7291
 0.2017 -0.7600  0.6178
 0.6914 -0.6023 -0.3991
-0.8522  0.0185 -0.5229
 0.9513  0.2476 -0.1836
-0.5998  0.6309 -0.4922
 0.7026  0.6938  0.1579
-0.9839  0.1768  0.0264
 0.6415 -0.3159 -0.6990
-0.0144 -0.9932  0.1152
-0.7693  0.3055  0.5611
-0.2154 -0.6866  0.6944
 0.2664  0.2982  0.9166
 0.1479 -0.9489  0.2789
-0.8506  0.3741 -0.3694
-0.8367 -0.5477  0.0013
 0.6455 -0.1114 -0.7556
-0.7479  0.6508 -0.1308
 0.2468 -0.4607  0.8525
 0.8214  0.5686  0.0449
-0.8807  0.1496  0.4494
 0.3149  0.3457 -0.8839
 0.4067 -0.7364  0.5406
-0.1285 -0.8401  0.5270
-0.7929  0.2448 -0.5580
 0.9555  0.0621 -0.2885
-0.2686 -0.2027 -0.9417
-0.4342  0.9007  0.0143
-0.9017  0.1789 -0.3937
 0.8937 -0.1153 -0.4337
 0.7838 -0.2268 -0.5782
 0.6795  0.7318 -0.0520
-0.4265  0.6622 -0.6162
-0.9553  0.2149 -0.2032
-0.6513  0.2995 -0.6972
-0.4597  0.8628 -0.2105
-0.6254  0.4484  0.6386
 0.0652  0.3617  0.9300
 0.9628 -0.1431 -0.2291
 0.3739  0.8949  0.2438
-0.3813 -0.7474 -0.5441
-0.0977 -0.5726  0.8140
 0.9291 -0.3674  0.0418
-0.6125 -0.0862 -0.7858
 0.2334 -0.7099 -0.6644
-0.2047  0.6663 -0.7171
 0.7769 -0.0200 -0.6293
 0.3052 -0.8874 -0.3456
-0.6357 -0.4788 -0.6055
-0.2513 -0.1580  0.9549
-0.0724  0.9962 -0.0485
-0.2944  0.8896 -0.3493
 0.4688  0.4460 -0.7625
 0.8947 -0.3745  0.2434
 0.4990  0.0087 -0.8665
 0.2100  0.7028 -0.6797
-0.1182 -0.9577 -0.2622
-0.6166  0.0112  0.7872
 0.9255 -0.3426 -0.1615
 0.6657 -0.7081  0.2353
-0.5687  0.8077  0.1553
 0.7097 -0.6758 -0.1990
 0.7965  0.5386  0.2746
-0.5696 -0.2163  0.7930
-0.1821  0.6017  0.7777
-0.0527 -0.9441  0.3254
 0.4938  0.2343 -0.8374
 0.5456 -0.7726 -0.3248
-0.4353 -0.0362 -0.8996
 0.7577  0.1153  0.6423
 0.4372  0.3956  0.8077
-0.7243  0.6833  0.0926
 0.7167  0.4966  0.4896
-0.3301 -0.9186 -0.2174
 0.5491  0.6885 -0.4737
 0.7743 -0.2483  0.5821
-0.9412 -0.0594  0.3326
-0.3293 -0.7695  0.5472
-0.4698 -0.5999 -0.6476
-0.1110  0.8726 -0.4757
-0.2882 -0.4011 -0.8695
 0.3145  0.7410  0.5933
-0.9212 -0.3783  0.0908
 0.0788  0.1566  0.9845
 0.7065 -0.1002  0.7006
-0.4346 -0.8182  0.3763
-0.9940 -0.0091  0.1094
 0.3800 -0.2851  0.8799
-0.0473 -0.2242  0.9734
-0.1359  0.4149  0.8997
-0.5801 -0.6621 -0.4744
 0.6095  0.5241 -0.5949
 0.2779 -0.5203 -0.8075
 0.1144 -0.6145  0.7805
-0.7382 -0.5295 -0.4180
-0.7507  0.4883  0.4449
 0.7177  0.5753 -0.3923
 0.7191 -0.6944  0.0271
-0.9561  0.1498  0.2517
 0.3227 -0.6169  0.7178
 0.0287 -0.9948 -0.0975
 0.1046  0.9779 -0.1811
-0.4590  0.7802 -0.4249
-0.5122  0.7804  0.3587
-0.0183  0.1117 -0.9936
-0.5766 -0.8153  0.0529
 0.4595 -0.0313  0.8877
 0.3300 -0.1067 -0.9379
 0.1440  0.9894  0.0187
 0.1316 -0.2113 -0.9685
-0.8480  0.5293  0.0275
-0.3176  0.2776  0.9067
-0.9811 -0.1905 -0.0328
-0.9324  0.3563 -0.0600
 0.0289 -0.7708 -0.6364
-0.7265  0.0770 -0.6829
-0.3840 -0.3013  0.8728
 0.8222 -0.4951 -0.2808
 0.5172 -0.5778  0.6314
-0.9506 -0.1997 -0.2376
 0.9049  0.3969  0.1538
-0.1166  0.9596 -0.2561
 0.4169 -0.6111 -0.6729
 0.6498  0.1145 -0.7515
 0.6485  0.6565  0.3854
-0.9636 -0.1974  0.1803
-0.1813 -0.3749  0.9092
-0.2750  0.7860 -0.5537
-0.3790  0.8961  0.2311
 0.0898 -0.6054 -0.7908
 0.3462  0.9373  0.0396
-0.6559 -0.7000 -0.2826
 0.6042 -0.5049 -0.6165
 0.9663 -0.1779  0.1863
 0.9955  0.0430 -0.0850
 0.4261  0.6272 -0.6519
-0.8788 -0.1784 -0.4426
 0.2827 -0.8599  0.4250
 0.1592  0.0052 -0.9872
 0.6356  0.7248 -0.2661
-0.4281 -0.6121  0.6649
-0.5712  0.1299 -0.8105
-0.1929 -0.7748 -0.6021
 0.8242 -0.5491  0.1386
 0.8815  0.2667 -0.3896
 0.1617 -0.8520 -0.4980

-0.7266  0.5276 -0.4401

 0.8513 -0.0711 -0.5199

-0.0626  0.9977 -0.0250

 0.7414 -0.4371 -0.5093

-0.2384  0.9436  0.2297

-0.2586  0.9656  0.0270

-0.6529  0.1608  0.7401

-0.4800  0.4819 -0.7331

-0.7287  0.1977 -0.6557

-0.1326 -0.4976 -0.8572

 0.9777  0.0794 -0.1947

 0.6203 -0.3518  0.7011

-0.7604  0.6075 -0.2299

 0.3545 -0.9038  0.2396

 0.2168 -0.9588 -0.1838

 0.6384  0.4210  0.6443

-0.0751  0.9024 -0.4243

-0.6087 -0.1953  0.7690

-0.1493  0.3609 -0.9206

-0.8479  0.0817 -0.5238

 0.9456 -0.3254 -0.0008

-0.2960 -0.4917  0.8189

-0.8693  0.4857 -0.0919

 0.2794 -0.4329  0.8570

-0.6927  0.4915  0.5278

 0.1407 -0.9138 -0.3811

 0.0110  0.5543  0.8322

 0.8433  0.2823 -0.4573

-0.2750  0.9456 -0.1741

 0.9855 -0.1276 -0.1116

-0.8045  0.3218 -0.4992

 0.2283  0.2119  0.9502

 0.8697 -0.0590  0.4900

 0.0326  0.1932  0.9806

-0.5894 -0.1483 -0.7941

 0.2347 -0.3541 -0.9053

-0.4481  0.7331  0.5117

 0.1389  0.9895  0.0390

 0.9839 -0.1461  0.1029

 0.9189 -0.3246  0.2242

 0.5415 -0.7878  0.2936

 0.3660 -0.6756 -0.6400

 0.1025  0.3960 -0.9125

-0.3830 -0.7328 -0.5624

-0.7292  0.3059  0.6122

-0.0478 -0.6686 -0.7421

-0.0737  0.9700 -0.2316

 0.3546 -0.8710 -0.3400

-0.9209 -0.3635 -0.1404

 0.2153  0.8039  0.5544

 0.6755 -0.6258 -0.3899

-0.3627  0.3467 -0.8650

 0.2704 -0.6227  0.7343

-0.7188 -0.6040  0.3444

 0.2103 -0.8955  0.3922

-0.3317 -0.4393 -0.8348

-0.9290 -0.0424 -0.3676

 0.5509  0.6048  0.5750

-0.7111  0.6712  0.2092

 0.7371 -0.6465 -0.1968

-0.9125 -0.2539 -0.3209

-0.3996  0.4682  0.7881

-0.7660 -0.4222  0.4848

-0.2324 -0.0676  0.9703

-0.0893  0.3646  0.9269

-0.8496 -0.4433  0.2858

-0.8111  0.1208  0.5723

-0.0945  0.0455 -0.9945

 0.2247  0.2195 -0.9494

 0.5285  0.2966  0.7954

 0.3199  0.9073 -0.2729

 0.2385  0.5484  0.8015

 0.0221 -0.3479 -0.9373

-0.4228 -0.1404  0.8953

 0.3389  0.9280  0.1547

 0.1491 -0.9712  0.1858

-0.6288  0.6541  0.4204

-0.0805 -0.9867  0.1411

 0.9397 -0.1299  0.3164

 0.3267  0.9433 -0.0586

 0.1615 -0.6913 -0.7043

-0.3529  0.8559  0.3779

-0.1172  0.6867  0.7175

 0.7289 -0.6381  0.2481

 0.0473 -0.8156 -0.5767

 0.6047 -0.1502  0.7821

 0.1274  0.9202 -0.3702

-0.3431 -0.8185  0.4608

-0.6617  0.4182 -0.6223

-0.9122  0.1344  0.3871

-0.7271 -0.0395  0.6853

-0.4490  0.7600 -0.4699

 0.6631  0.7273  0.1771

-0.2640 -0.6320 -0.7287

 0.0687  0.6811 -0.7289

-0.7098 -0.5637 -0.4223

-0.8755 -0.2547  0.4107

 0.0900 -0.5447  0.8338

-0.6258 -0.5675  0.5351

-0.0398  0.5317 -0.8460

 0.8678  0.3761  0.3249

 0.9127  0.0954 -0.3974

 0.4070 -0.8021  0.4371

-0.3100 -0.9464  0.0905

 0.5862  0.0671  0.8074

 0.6299  0.1539 -0.7613

-0.2702 -0.8535 -0.4456

 0.9727  0.0434  0.2280

 0.5896 -0.1973 -0.7833

 0.4930  0.8242  0.2788

-0.9535 -0.0591  0.2954

-0.7644 -0.2317  0.6017

 0.2337  0.0105  0.9722

 0.3190  0.8209 -0.4737

-0.0449  0.9803  0.1925

-0.4420  0.1595 -0.8827

-0.2503  0.1645 -0.9541

-0.5539 -0.6295 -0.5449

-0.7548  0.6559 -0.0113

-0.9714  0.1425  0.1897

-0.9705 -0.2408  0.0123

 0.5850 -0.5826 -0.5643

-0.2021  0.5198  0.8301

 0.3029  0.8773  0.3722

 0.6537  0.6266 -0.4243

 0.8609 -0.2768 -0.4268

-0.8975 -0.4343  0.0760

-0.9427 -0.2551  0.2150

-0.7843 -0.6047  0.1386

 0.9243  0.2814 -0.2577

 0.5893 -0.5428  0.5984

 0.9110  0.1643  0.3782

 0.9557  0.2414  0.1685

-0.2600  0.7908 -0.5542

-0.8658 -0.0650  0.4961

-0.0599  0.7979 -0.5998

 0.7920  0.3281  0.5149

 0.0019 -0.9434  0.3317

-0.4373 -0.0370 -0.8986

 0.7091 -0.0394 -0.7040

-0.3759  0.6492 -0.6613

 0.9263 -0.3056 -0.2206

-0.8366  0.3281  0.4387

 0.0680 -0.7117  0.6992

-0.8327 -0.4747 -0.2852

-0.6308 -0.7519  0.1914

 0.8601 -0.4950  0.1231

 0.5294  0.3573 -0.7695

-0.7445 -0.0372 -0.6666

-0.7891  0.5158  0.3337

-0.8236 -0.5614 -0.0808

-0.0251  0.0018  0.9997

-0.3749  0.0855  0.9231

-0.4656 -0.3437  0.8156

-0.1919 -0.2964 -0.9356

 0.8659 -0.4886 -0.1070

 0.6344 -0.7644  0.1153

-0.4372 -0.8615  0.2581

 0.2454 -0.7755  0.5817

-0.5694  0.2908 -0.7689

-0.2781  0.8869 -0.3689

-0.3276  0.6489  0.6868

-0.4562  0.8876 -0.0630

-0.1279  0.9056  0.4043

-0.6051  0.7931  0.0699

-0.0014  0.2282 -0.9736

-0.4775 -0.5257  0.7039

-0.4571 -0.6888  0.5627

 0.2804 -0.9597  0.0214

-0.1108 -0.6118  0.7832

 0.4539  0.5006  0.7371

-0.4650  0.8430 -0.2705

-0.9070  0.3402  0.2482

-0.2366  0.7958  0.5574

 0.5568 -0.7790 -0.2884

-0.8478  0.5154  0.1247

-0.6521 -0.4513 -0.6092

 0.3875 -0.1672 -0.9066

-0.9420  0.2916 -0.1660

 0.7828  0.5651  0.2605

 0.4238 -0.8946 -0.1416

-0.6894 -0.7242 -0.0153

-0.8423 -0.1568 -0.5157

-0.1544 -0.9864 -0.0564

 0.9414 -0.1058 -0.3203

-0.6261  0.7656 -0.1477

 0.7544 -0.2311 -0.6144

 0.7975  0.6016  0.0454

-0.3719 -0.9219 -0.1085

-0.6182  0.6995 -0.3586

-0.2115 -0.9435 -0.2551

-0.9953 -0.0529  0.0810

-0.1501 -0.8747  0.4608

-0.5656  0.6037 -0.5618

-0.0176  0.8125  0.5827

 0.1801 -0.1645 -0.9698

 0.4775  0.6800 -0.5564

-0.4148 -0.8555 -0.3099

-0.6122  0.0696 -0.7876

 0.4327 -0.0719  0.8987

-0.2996 -0.6660  0.6831

-0.4292  0.8905  0.1509

 0.2567 -0.8113 -0.5253

-0.9920  0.1250 -0.0179

 0.6213  0.6839  0.3824

 0.9662  0.2539 -0.0446

 0.4148  0.1423  0.8987

-0.4836  0.2436  0.8407

 0.1508  0.9583  0.2426

 0.0673 -0.9976 -0.0176

 0.8554 -0.2826  0.4341

 0.4912  0.7887 -0.3696

 0.7940  0.1224 -0.5955

 0.9983  0.0553  0.0170

 0.2908 -0.2232  0.9304

-0.2522 -0.0837 -0.9641

-0.2966  0.3172  0.9008

 0.6097 -0.7874 -0.0909

 0.4351  0.7583  0.4854

 0.7235  0.5157  0.4588

-0.9089  0.2035 -0.3641

 0.2028  0.5495 -0.8105

 0.6904  0.2147  0.6909

 0.1081 -0.1469  0.9832

-0.5534 -0.7382  0.3858

 0.2801 -0.5315 -0.7994

-0.2672  0.5181 -0.8125

-0.8530  0.4213 -0.3080

-0.1011 -0.4309  0.8967

-0.5611 -0.7382 -0.3744

 0.1343  0.8193 -0.5575

 0.7668 -0.6418  0.0126

 0.7595 -0.2174  0.6131

 0.1152  0.6965  0.7082

 0.5860  0.5138 -0.6266

 0.6258 -0.6498  0.4314

 0.7005  0.3107 -0.6424

-0.1371 -0.7660  0.6281

 0.6629  0.7478 -0.0368

 0.4698 -0.8800  0.0699

-0.9751  0.0759 -0.2083

 0.7356 -0.0190  0.6772

 0.7347 -0.4313  0.5236

-0.5413  0.7882  0.2929

-0.4550 -0.5465 -0.7030

 0.6259 -0.3800 -0.6811

 0.8246  0.4697 -0.3154

-0.9806 -0.1217 -0.1538

 0.5268 -0.0074 -0.8500

 0.7796  0.6022 -0.1716

 0.4381 -0.3468 -0.8293

 0.0007 -0.9755 -0.2201

-0.2347 -0.9302  0.2822

 0.8066 -0.4818  0.3424

 0.5119  0.8568  0.0623

-0.9434  0.3288  0.0445

-0.7100 -0.6655 -0.2303

-0.0888 -0.2236  0.9706

 0.8222  0.1270  0.5548

-0.5238  0.5773  0.6264

-0.0334 -0.1536 -0.9876

-0.1612  0.6683 -0.7262

 0.1308  0.9769 -0.1688

 0.0959 -0.3527  0.9308

 0.3421  0.3688  0.8643

-0.2782 -0.2946  0.9142

-0.1805  0.1550  0.9713

 0.0766  0.9042  0.4201

 0.8954  0.4305  0.1136

-0.5616 -0.8123 -0.1574

 0.8925  0.4396 -0.1008

-0.3972 -0.2432 -0.8849

 0.1164  0.0350 -0.9926

-0.1614 -0.7793 -0.6055

-0.6361 -0.3877  0.6671

-0.5762  0.3904  0.7180

-0.8018 -0.3647 -0.4734

 0.4080  0.5426 -0.7342

 0.7371  0.4579 -0.4970

 0.4703 -0.5139 -0.7175

-0.5366 -0.3559 -0.7651

 0.4739 -0.7428 -0.4729

 0.0517 -0.8465  0.5298

-0.5542  0.0081  0.8323

 0.3437  0.6690  0.6590

 0.4960  0.8545 -0.1542

 0.1233  0.3957  0.9101

 0.4406  0.1937 -0.8765

-0.5110 -0.8581  0.0508

 0.3245  0.0262 -0.9455

-0.7116 -0.2552 -0.6547

 0.3302  0.3827 -0.8628

 0.4460 -0.4969  0.7444

 0.4606 -0.2976  0.8362

 0.6435  0.7242 -0.2481

-0.0665 -0.9046 -0.4211

 0.0793 -0.5283 -0.8453

 0.2835  0.6970 -0.6587

 0.8223 -0.4727 -0.3169

 0.4382 -0.6756  0.5929

-0.9022  0.2919 -0.3177

-0.9352 -0.0425 -0.3517

 0.6051  0.1756 -0.7766

-0.0286 -0.5986  0.8006

-0.3312  0.3391  0.8805

-0.9613 -0.2737 -0.0324

 0.4973 -0.5626  0.6604

 0.4725  0.8488  0.2372

-0.6861 -0.6762  0.2685

-0.4434  0.0037  0.8963

 0.0629 -0.9650  0.2546

-0.2152 -0.3100  0.9261

-0.1133 -0.0102 -0.9935

 0.4066  0.5375 -0.7388

-0.7533  0.1609 -0.6377

 0.3716 -0.3288 -0.8682

-0.7335 -0.3735  0.5679

 0.7966  0.5870 -0.1443

 0.4438  0.8890 -0.1130

-0.3541 -0.8391  0.4128

 0.8216  0.3030 -0.4828

-0.5111  0.8116 -0.2830

-0.4573 -0.8338 -0.3094

-0.0568 -0.5542 -0.8305

-0.1119 -0.9848  0.1327

 0.0166  0.6662 -0.7456

 0.9902  0.0940  0.1031

-0.1333  0.9104  0.3916

 0.4962  0.6554  0.5694

 0.7190  0.2826  0.6350

-0.4531 -0.5907 -0.6677

 0.5235  0.3701 -0.7674

 0.9479  0.3038  0.0962

 0.2805  0.9111  0.3019

 0.8734 -0.4804  0.0795

 0.4472 -0.8800 -0.1603

 0.1178 -0.0518  0.9917

-0.7768 -0.6127 -0.1452

 0.8958 -0.0019  0.4444

 0.0779  0.9346  0.3470

-0.0228 -0.3781 -0.9255

 0.0661  0.7201  0.6907

-0.6186 -0.7091 -0.3385

 0.7789  0.0681  0.6234

 0.7205 -0.5634  0.4044

 0.9722  0.2121 -0.0994

-0.9347 -0.1490  0.3228

 0.2275  0.9708 -0.0762

 0.4015 -0.8016  0.4430

-0.1849  0.6859 -0.7038

-0.0856  0.0490  0.9951

 0.5566 -0.6674  0.4948

 0.0766 -0.9787 -0.1906

-0.2833 -0.9342 -0.2168

 0.2845  0.7003  0.6547

 0.2351 -0.9026  0.3607

-0.6527  0.3490 -0.6724

-0.2197 -0.5086  0.8325

-0.6364  0.7140  0.2919

 0.8054 -0.0794 -0.5874

-0.2844  0.1437  0.9479

-0.3216 -0.0187 -0.9467

-0.9045  0.2222  0.3640

-0.5940  0.1684 -0.7866

-0.2081 -0.2137 -0.9545

-0.8508 -0.3827 -0.3600

 0.1918  0.7690 -0.6097

 0.7198  0.5046 -0.4767

-0.5968 -0.4193 -0.6842

 0.3427 -0.1144 -0.9324

-0.9617  0.2669 -0.0630

 0.6241 -0.7741  0.1066

-0.2845 -0.9587  0.0011

 0.2096  0.5603  0.8013

-0.1014 -0.9419 -0.3201

 0.7598  0.1359 -0.6359

-0.9867 -0.1203  0.1095

-0.0021  0.8412  0.5406

 0.7892 -0.4782 -0.3853

 0.3533  0.8206 -0.4492

-0.6181 -0.5837 -0.5265

-0.4257 -0.4176 -0.8027

-0.3643  0.6897  0.6257

-0.6287 -0.7740  0.0752

 0.6261  0.4821  0.6129

 0.9003 -0.2161  0.3779

-0.7201 -0.5402  0.4355

-0.5165 -0.8085  0.2820

-0.9410 -0.2305 -0.2480

 0.4876  0.0055  0.8731

-0.0656  0.9152 -0.3975

 0.4399  0.2107  0.8730

 0.3444  0.4116  0.8438

-0.8414 -0.1735  0.5118

 0.9447 -0.3239 -0.0517

 0.3207 -0.1362  0.9374

 0.0677  0.3989  0.9145

 0.1901 -0.8100  0.5548

 0.9962  0.0081 -0.0872

-0.2825 -0.8583 -0.4285

 0.9428  0.1579  0.2937

 0.2506 -0.9266 -0.2806

-0.5278  0.5266 -0.6665

-0.6712  0.5753  0.4675

-0.2664  0.9339  0.2386

 0.5080  0.8076 -0.2996

-0.5118 -0.0254 -0.8587

 0.8331  0.4566 -0.3122

 0.8778  0.0929 -0.4698

 0.6634 -0.0314 -0.7476

-0.7984  0.4947 -0.3433

 0.2779  0.1028 -0.9551

-0.5642 -0.1852  0.8046

 0.7425  0.6690  0.0343

 0.8540  0.2097  0.4762

 0.0811 -0.9961  0.0347

-0.2418 -0.0758  0.9674

 0.8151 -0.2887 -0.5022

 0.3914  0.6924 -0.6061

-0.7407 -0.4079 -0.5338

-0.4088  0.1753 -0.8956

-0.5159  0.3904  0.7625

 0.0817 -0.9057 -0.4159

 0.7970 -0.3500  0.4923

-0.0883 -0.7107 -0.6979

 0.6382  0.7570 -0.1404

-0.0333 -0.4030  0.9146

 0.5763  0.5364 -0.6165

 0.6777 -0.2728  0.6829

-0.1826 -0.8229  0.5381

-0.7576  0.6479  0.0795

-0.7312 -0.2253 -0.6439

-0.5566 -0.6966  0.4527

-0.6779  0.4024  0.6153

 0.9572  0.0498 -0.2852

-0.9971  0.0739  0.0203

-0.3305  0.8340  0.4419

 0.5538  0.6885 -0.4683

 0.7410 -0.6279 -0.2379

 0.5416 -0.3798 -0.7500

-0.1199  0.9743 -0.1905

-0.3366  0.5318 -0.7771

-0.5787 -0.5518  0.6005

 0.8054 -0.1441  0.5749

 0.0824  0.4859 -0.8701

 0.4389 -0.8636  0.2482

-0.5620  0.6684 -0.4873

-0.5108  0.7202  0.4694

 0.4546 -0.8896  0.0447

 0.7668 -0.6417 -0.0173

 0.2634 -0.9526  0.1521

-0.5845 -0.3793  0.7173

-0.8918  0.4228 -0.1611

-0.2326 -0.4089 -0.8824

-0.7712 -0.6334  0.0639

-0.1024 -0.9903 -0.0941

-0.8846 -0.4367 -0.1635

-0.4596 -0.8828  0.0968

-0.4772  0.3593 -0.8020

 0.3292 -0.5314  0.7805

-0.3994  0.9130  0.0832

-0.6256  0.0174  0.7800

 0.8970 -0.3296 -0.2946

-0.8029  0.2188  0.5545

-0.1621  0.4630  0.8714

 0.4070  0.2401 -0.8813

 0.1618 -0.6637  0.7303

-0.1977  0.9800  0.0228

-0.8825  0.1332 -0.4510

 0.9179  0.2590 -0.3006

-0.1652  0.6515  0.7405

-0.4683 -0.8769 -0.1082

-0.4069 -0.3938  0.8242

-0.6364 -0.7594 -0.1352

-0.2763  0.3617 -0.8904

 0.9067  0.4060 -0.1143

-0.8820  0.4687  0.0492

-0.3281  0.9337 -0.1433

-0.9688  0.1195 -0.2173

 0.1451  0.8883 -0.4357

 0.6248  0.1423  0.7677

 0.1883 -0.2644 -0.9459

 0.7577 -0.6214  0.1992

-0.3823  0.6793 -0.6264

-0.4043 -0.5678  0.7171

-0.7982  0.3291 -0.5045

-0.4917  0.1981  0.8479

 0.0932 -0.7841 -0.6136

-0.6802 -0.0296 -0.7324

 0.8645  0.4975  0.0720

-0.5312  0.5622  0.6338

 0.6644 -0.0691  0.7441

 0.0165  0.9995 -0.0268

 0.1431 -0.2701  0.9521

-0.3044 -0.9254  0.2256

 0.4294  0.5447  0.7204

 0.4677 -0.7143 -0.5205

-0.4652  0.8405  0.2777

 0.1399 -0.0396 -0.9894

 0.3800  0.8021  0.4608

-0.9897 -0.0726 -0.1231

 0.1646  0.2860 -0.9440

 0.3604  0.9292  0.0820

-0.4040  0.7956 -0.4514

-0.1133  0.2756  0.9546

-0.2088 -0.6817  0.7012

 0.3491 -0.5200 -0.7796

 0.2612 -0.8255 -0.5003

 0.3485 -0.7003  0.6230

 0.6452 -0.6076 -0.4632

-0.4011 -0.2227 -0.8886

 0.9071 -0.1261 -0.4016

 0.0744  0.1692  0.9828

-0.7945  0.5930 -0.1308

-0.7165 -0.1826  0.6732

-0.2022  0.1777 -0.9631

-0.5992  0.7941  0.1021

 0.1501 -0.4778  0.8656

 0.0876  0.9664 -0.2417

-0.9290 -0.3175  0.1901

 0.3345 -0.3396  0.8791

-0.0030 -0.1847 -0.9828

 0.9664 -0.0644  0.2487

-0.0578  0.9810  0.1850

-0.1406 -0.9264  0.3493

 0.5294 -0.1780 -0.8295

-0.7766  0.5689  0.2706

 0.2922  0.4187 -0.8598

 0.1295 -0.6349 -0.7617

-0.6632  0.7404 -0.1092

 0.7858  0.4072  0.4656

 0.2685 -0.9611 -0.0641

-0.8001  0.4064  0.4412

-0.0107  0.8100 -0.5863

-0.2745  0.9016 -0.3344

 0.9886 -0.1416  0.0509

 0.6676  0.7131  0.2140

-0.3874 -0.7181  0.5782

 0.6616 -0.4662  0.5873

 0.2155  0.6164 -0.7574

-0.9684  0.0514  0.2442

-0.7751  0.0214  0.6314

 0.6011 -0.7375  0.3077

-0.7520 -0.5593 -0.3488

-0.3485  0.5315  0.7721

 0.5475  0.3531  0.7586

 0.5600  0.7338  0.3846

-0.8846 -0.4644  0.0416

 0.1934  0.8355  0.5144

-0.2112  0.8174 -0.5360

-0.8912  0.0288  0.4526

-0.6869  0.5091 -0.5186

 0.1552  0.9782  0.1376

 0.6858  0.5836  0.4348

-0.6632  0.2156  0.7167

 0.0257 -0.8868  0.4614

-0.0510 -0.1811  0.9821

-0.5773 -0.2276 -0.7841

 0.8868  0.3628  0.2862

-0.8217 -0.0308 -0.5691

-0.0581  0.3385 -0.9392

-0.9585  0.2466  0.1429

 0.0077  0.5720  0.8202

 0.4153 -0.8351 -0.3608

 0.6222 -0.7763 -0.1012

-0.6758  0.6667 -0.3143

 0.6917 -0.2380 -0.6819

-0.8588 -0.2070 -0.4687

-0.4619 -0.7322 -0.5006

-0.0973 -0.8452 -0.5256

 0.7947  0.5492  0.2584

-0.8824  0.4025  0.2438

-0.5043  0.8594 -0.0842

 0.6892  0.3434 -0.6380

-0.2825 -0.7381 -0.6127

 0.2880  0.0720  0.9549

-0.3896 -0.2019  0.8986

 0.1681 -0.4618 -0.8709

 0.3003  0.9147 -0.2707

 0.5117 -0.1955  0.8366

 0.8609 -0.4862 -0.1499

 0.8483 -0.4373  0.2985

 0.2336  0.2787  0.9315

 0.4832  0.0323 -0.8749

-0.1833  0.7859  0.5906

-0.2657 -0.5847 -0.7665

-0.0093 -0.7627  0.6467

-0.1291  0.5233 -0.8423

 0.6913  0.6489 -0.3179

 0.6841 -0.4349 -0.5855

 0.5903 -0.7451 -0.3106

 0.9388 -0.2942  0.1794

 0.5154 -0.3863  0.7650

-0.8240 -0.5101  0.2467

 0.5140 -0.5607 -0.6492

 0.3066 -0.6864 -0.6594

-0.8504 -0.3528  0.3903

 0.0279  0.1424 -0.9894

 0.5678  0.8218  0.0483

 0.9667 -0.1667 -0.1939

0.7904 -0.5249  0.3157

-0.0963  0.9943  0.0454

-0.6262 -0.6952 -0.3529

-0.4730  0.8786  0.0657

 0.9842 -0.0137  0.1764

 0.7538  0.5637 -0.3378

-0.5798 -0.7616  0.2896

-0.5452  0.4733  0.6920

-0.7103 -0.0727  0.7002

-0.4727 -0.7443 -0.4718

 0.2227 -0.8458 -0.4848

 0.1888 -0.4907 -0.8506

 0.8113 -0.3883 -0.4371

 0.7023 -0.3389 -0.6261

 0.8405 -0.1439  0.5223

-0.6162  0.1870 -0.7651

 0.6688  0.0612 -0.7409

 0.9920  0.1220 -0.0313

-0.2046 -0.1597  0.9657

 0.5012  0.6764  0.5397

 0.1108  0.6885  0.7167

-0.4641  0.8104 -0.3574

 0.5165 -0.8420  0.1555

-0.8524 -0.2904 -0.4348

 0.0474  0.8638 -0.5015

 0.2705 -0.9153 -0.2984

 0.6469 -0.7367 -0.1969

 0.5288 -0.0534 -0.8471

-0.9805 -0.0927 -0.1733

-0.8379  0.4667 -0.2829

-0.5322 -0.2406 -0.8117

-0.7543 -0.6179 -0.2219

-0.1244  0.9112 -0.3926

 0.1728 -0.0593 -0.9832

 0.0753  0.5704 -0.8179

 0.8961 -0.3895  0.2128

 0.3756 -0.6104  0.6974

-0.9035 -0.0837  0.4202

-0.6117 -0.7870  0.0799

-0.3983  0.3928  0.8289

-0.9237 -0.0915 -0.3720

 0.3727 -0.0042  0.9280

-0.6220  0.5497 -0.5577

-0.5879 -0.0259 -0.8085

-0.2851 -0.6170 -0.7335

 0.4536  0.3849 -0.8038

-0.2907  0.5138 -0.8072

-0.0379  0.0408 -0.9984

 0.0309 -0.8333  0.5520

-0.0672  0.8853  0.4601

 0.2174  0.9001 -0.3776

-0.8711 -0.4679 -0.1492

-0.4696  0.8708 -0.1453

 0.6990  0.6944 -0.1708

-0.9224 -0.2941 -0.2505

-0.8371  0.2467  0.4883

 0.8394 -0.3364  0.4268

 0.5982 -0.6957 -0.3976

 0.6722 -0.7403  0.0081

-0.4099 -0.0543 -0.9105

-0.1229  0.6404 -0.7582

-0.9530  0.2997  0.0438

-0.6988 -0.5963  0.3950

-0.7404 -0.6445  0.1907

-0.8910 -0.2825  0.3553

 0.3162  0.7095  0.6297

 0.2704  0.5639  0.7803

-0.7770 -0.4067  0.4805

-0.5934  0.7073  0.3840

 0.1153  0.2373  0.9646

-0.2068  0.4773  0.8541

-0.6375  0.7695 -0.0379

 0.0072 -0.1743 -0.9847

-0.9561 -0.2893 -0.0459

 0.3681 -0.1645 -0.9151

 0.4204 -0.7892 -0.4478

-0.0560  0.7782  0.6255

 0.4442  0.7131 -0.5423

-0.5604 -0.1801  0.8084

-0.3528 -0.2637 -0.8977

 0.2840  0.9411 -0.1838

-0.1607 -0.3615  0.9184

-0.6942  0.6121 -0.3788

-0.6306  0.3782 -0.6777

-0.3736 -0.2652  0.8889

-0.6751 -0.3074  0.6707

 0.5246 -0.6349  0.5671

-0.6903 -0.1977 -0.6960

-0.1163 -0.5583  0.8214

-0.2612  0.7575  0.5983

 0.2134 -0.5555  0.8037

-0.0980  0.4556 -0.8848

 0.0668  0.7327 -0.6773

-0.9371  0.3006 -0.1774

-0.3153  0.6855 -0.6562

 0.4545  0.5639 -0.6895

-0.9694 -0.0914  0.2279

-0.6188  0.7442 -0.2517

 0.4656  0.5386  0.7022

 0.6504 -0.6394  0.4099

 0.2707  0.4823 -0.8331

-0.1371  0.6431  0.7534

-0.8788  0.4735 -0.0586

 0.8752 -0.4253 -0.2306

-0.7080  0.3657  0.6041

 0.1340  0.1616 -0.9777

 0.6746 -0.7068  0.2127

-0.2562  0.8863  0.3857

 0.2656  0.6521 -0.7101

-0.4930  0.6428  0.5863

 0.3036  0.9170  0.2586

 0.1901 -0.8784  0.4386

-0.0731  0.2527 -0.9648

-0.2467  0.0482  0.9679

-0.0675  0.1456  0.9870

-0.9177  0.2963  0.2647

 0.0150 -0.4006 -0.9161

 0.5070  0.7847  0.3567

-0.3482  0.5922  0.7267

 0.1951 -0.2830 -0.9391

 0.5504 -0.2603 -0.7933

-0.1580 -0.2883 -0.9444

 0.5760 -0.2598  0.7751

-0.9540  0.1041 -0.2811

-0.0588 -0.9877  0.1452

 0.9746 -0.0445 -0.2196

-0.6317 -0.5063  0.5871

 0.7653  0.6426  0.0360

 0.2060 -0.7393  0.6411

-0.7470  0.6013  0.2836

 0.7132 -0.0888  0.6953

 0.0429 -0.6677  0.7432

-0.1226 -0.9521 -0.2803

-0.4671  0.5425 -0.6982

 0.5091 -0.7801  0.3637

-0.3933 -0.8410  0.3716

-0.7723  0.6322  0.0626

 0.3591 -0.5590 -0.7474

-0.7638 -0.6453 -0.0148

 0.4306  0.9018 -0.0370

 0.3287 -0.9392  0.0989

-0.7675  0.4202 -0.4840

-0.7657  0.6238 -0.1569

-0.4756 -0.6069 -0.6367

 0.8286 -0.1865 -0.5279

 0.3002  0.2759 -0.9131

 0.9507  0.1644  0.2629

 0.4060  0.8359 -0.3694

 0.1323 -0.6613 -0.7383

 0.5057  0.1671  0.8464

-0.8378 -0.4732  0.2723

-0.2959 -0.9409 -0.1645

-0.0883  0.9612  0.2614

 0.7708  0.4107 -0.4871

-0.8200 -0.1234 -0.5589

 0.5841  0.3412  0.7365

 0.8101  0.0240 -0.5858

-0.6696  0.5469  0.5026

 0.2504  0.7920 -0.5569

 0.8806  0.4692  0.0669

 0.3446 -0.8886  0.3027

 0.5561 -0.0477  0.8298

-0.4627  0.3566 -0.8117

 0.0935  0.9930 -0.0725

 0.9121 -0.0102 -0.4099

 0.9039 -0.4276 -0.0088

-0.4152 -0.0558  0.9080

 0.3298  0.8301  0.4496

-0.4734 -0.8401 -0.2649

 0.4831  0.1607 -0.8607

 0.0201 -0.2598  0.9655

 0.1935  0.4107  0.8910

 0.1642  0.0397  0.9856

 0.0924  0.9833  0.1569

 0.6217  0.5886 -0.5167

 0.0525 -0.9199 -0.3886

-0.1832 -0.8666  0.4642

 0.7404  0.2930  0.6049

 0.6136  0.7896  0.0040

 0.6255  0.4363 -0.6468

 0.3043 -0.9470 -0.1024

-0.7392  0.0343 -0.6727

-0.7917 -0.4837 -0.3732

 0.3783 -0.3709 -0.8481

-0.2985 -0.7608 -0.5763

-0.4521  0.8500  0.2706

 0.6534  0.7275  0.2095

-0.1099 -0.7239 -0.6811

-0.9910  0.1126 -0.0717

 0.2072 -0.1579  0.9655

 0.9577 -0.2576 -0.1284

 0.8085 -0.5793  0.1040

 0.5433 -0.4558 -0.7051

 0.1019  0.3742 -0.9217

 0.7642  0.2330 -0.6015

-0.2747 -0.6380  0.7193

-0.7325 -0.3715 -0.5704

-0.2494  0.1187 -0.9611

 0.2996 -0.7182 -0.6281

 0.4014  0.3789  0.8339

-0.2962  0.9164 -0.2693

-0.0416 -0.5794 -0.8140

-0.0913 -0.9934 -0.0688

 0.3651 -0.7744  0.5168

-0.6451 -0.5647 -0.5147

 0.8785  0.2015 -0.4331

-0.7150  0.1632  0.6798

-0.5801  0.0503  0.8130

 0.2312 -0.3564  0.9053

 0.1431  0.8247  0.5471

 0.9362  0.3344 -0.1084

 0.5933  0.7188 -0.3624

 0.9968 -0.0772 -0.0195

-0.1180  0.9789 -0.1668

-0.2112 -0.4671 -0.8586

-0.2820  0.9443  0.1697

 0.7060 -0.4741  0.5262

-0.0226 -0.0591  0.9980

 0.6161  0.2608 -0.7432

 0.9561  0.1654 -0.2421

-0.1279  0.7898 -0.5999

-0.4927  0.6980 -0.5196

-0.9294  0.1104  0.3521

 0.6626  0.6274  0.4091

-0.5848 -0.4223 -0.6926

 0.7792  0.4429  0.4435

 0.8641  0.2335  0.4459

 0.9575  0.2723  0.0946

-0.1258 -0.7530  0.6459

 0.8380  0.5270 -0.1415

 0.8748  0.3762 -0.3051

-0.2992  0.8218 -0.4849

-0.2659 -0.9626  0.0518

 0.0588 -0.8006 -0.5964

 0.4701 -0.8458 -0.2523

-0.2103 -0.0861 -0.9738

 0.0898 -0.9783 -0.1865

 0.6719  0.1260  0.7299

 0.9146 -0.2253 -0.3358

-0.0445  0.3676  0.9289

-0.4632 -0.5843  0.6663

-0.4591 -0.8873 -0.0441

-0.8676  0.4698  0.1631

-0.3043 -0.8731 -0.3809

 0.0465 -0.4579  0.8878

 0.9163  0.0106  0.4004

-0.4121 -0.4463 -0.7944

 0.4988 -0.6359 -0.5890

-0.5325 -0.6923  0.4870

 0.2650  0.9628  0.0519

-0.8054 -0.2008  0.5577

-0.9958 -0.0872  0.0292

-0.2412  0.2716  0.9317

-0.8271  0.0437  0.5603

 0.4060 -0.2140  0.8884

-0.3421 -0.7568  0.5570

 0.4067 -0.4217  0.8104

-0.4204  0.1704  0.8912

 0.8851  0.3763  0.2738

 0.1492 -0.9616  0.2305

 0.0306  0.5422  0.8397

-0.2297 -0.9368  0.2640

-0.9424 -0.2960  0.1557

-0.6292  0.7570  0.1763

-0.8676  0.0826 -0.4903

 0.5198  0.8308 -0.1992

-0.4323 -0.8858  0.1689

 0.6696 -0.5263 -0.5241

-0.8115  0.4322  0.3932

 0.4781  0.8628  0.1646

 0.3341  0.0529 -0.9411

-0.8799  0.2732 -0.3888

-0.8740 -0.4818  0.0636

 0.8113  0.0722  0.5801

 0.5663 -0.4581  0.6852

-0.2757  0.3211 -0.9060

 0.7531 -0.5733 -0.3226

 0.7232 -0.2923  0.6257

-0.3241 -0.4622  0.8254

-0.7675  0.2364 -0.5958

 0.6995 -0.1413 -0.7006

 0.7954 -0.5958 -0.1109

-0.4440  0.1541 -0.8827

-0.0176 -0.9344  0.3558

 0.9660 -0.2379  0.1015

 0.1217  0.9244  0.3615

-0.9834  0.1117  0.1433

-0.1244 -0.8605 -0.4941

-0.4119  0.7828  0.4664

 0.0553  0.9593 -0.2770

 0.5010 -0.8640 -0.0501

 0.9328 -0.1829  0.3105

 0.3179  0.2054  0.9256

-0.6230 -0.7706 -0.1343

 0.6374  0.4969  0.5889

-0.5697  0.2756  0.7742

-0.5123 -0.3943  0.7629

-0.2949  0.9545 -0.0446

 0.7883  0.5639  0.2460

 0.1210 -0.9924  0.0210

0.0016 -0.0001  0.0006

-0.0004  0.0008  0.0001

 0.0009  0.0009 -0.0004

-0.0004 -0.0017 -0.0001

-0.0009 -0.0009 -0.0002

 0.0003  0.0012 -0.0012

 0.0000 -0.0005  0.0012

 0.0011 -0.0005 -0.0004

 0.0002  0.0008 -0.0010

-0.0016  0.0007 -0.0001

 0.0005  0.0015 -0.0007

-0.0013 -0.0006 -0.0010

 0.0003  0.0010  0.0008

 0.0010  0.0003 -0.0008

 0.0001  0.0003 -0.0017

 0.0013  0.0002 -0.0011

-0.0004 -0.0013  0.0012

-0.0013 -0.0001 -0.0000

-0.0014 -0.0001 -0.0010

-0.0013 -0.0009 -0.0006

 0.0006  0.0012 -0.0003

 0.0015 -0.0008  0.0001

 0.0010  0.0001  0.0008

-0.0006  0.0013 -0.0010

-0.0004  0.0000  0.0017

 0.0013 -0.0000 -0.0004

-0.0005  0.0016 -0.0002

 0.0007  0.0005  0.0003

-0.0002 -0.0007 -0.0016

 0.0013  0.0012 -0.0001

 0.0006  0.0004 -0.0011

 0.0006  0.0016  0.0004

 0.0004 -0.0008  0.0010

-0.0015 -0.0008 -0.0002

-0.0003  0.0003 -0.0007

-0.0003 -0.0003  0.0006

-0.0000  0.0017 -0.0001

-0.0000 -0.0003 -0.0008

 0.0002  0.0001  0.0013

-0.0004  0.0016 -0.0007

-0.0008 -0.0002  0.0010

 0.0005 -0.0017  0.0002

-0.0001 -0.0009  0.0010

-0.0001 -0.0017  0.0004

 0.0008  0.0009  0.0006

 0.0002  0.0009  0.0015

 0.0002  0.0008 -0.0015

 0.0007  0.0007  0.0014

-0.0012 -0.0006  0.0001

 0.0010  0.0001 -0.0014

-0.0011  0.0007 -0.0012

 0.0015  0.0008 -0.0004

 0.0002  0.0004  0.0001

-0.0001 -0.0009  0.0002

-0.0005 -0.0008 -0.0001

 0.0005 -0.0016 -0.0003

 0.0004  0.0004  0.0016

-0.0002 -0.0015  0.0008

 0.0001 -0.0017 -0.0001

 0.0003  0.0012  0.0004

-0.0002  0.0015  0.0008

 0.0002  0.0013 -0.0001

 0.0009 -0.0003  0.0009

 0.0012 -0.0002  0.0005

-0.0008  0.0009  0.0012

-0.0003  0.0001 -0.0012

-0.0005 -0.0007  0.0005

 0.0014  0.0010  0.0004

 0.0007  0.0008 -0.0007

 0.0008 -0.0004  0.0002

 0.0002  0.0003 -0.0013

-0.0002  0.0013  0.0002

 0.0000  0.0001  0.0017

-0.0005 -0.0007 -0.0009

 0.0001 -0.0003 -0.0002

 0.0002  0.0008  0.0002

-0.0008 -0.0013 -0.0009

 0.0012 -0.0007  0.0011

 0.0010 -0.0009 -0.0001

 0.0008 -0.0015  0.0006

-0.0011  0.0010 -0.0009

 0.0009  0.0015  0.0000

 0.0012 -0.0003 -0.0012

 0.0006  0.0003 -0.0006

 0.0001  0.0016 -0.0006

-0.0006 -0.0016  0.0004

 0.0014 -0.0003  0.0010

-0.0001  0.0011  0.0006

-0.0002  0.0006 -0.0011

-0.0011 -0.0004 -0.0013

 0.0005 -0.0001 -0.0017

-0.0016 -0.0001  0.0008

 0.0011  0.0005  0.0005

-0.0002  0.0011 -0.0013

-0.0011  0.0001 -0.0014

 0.0012 -0.0007  0.0004

 0.0003  0.0006  0.0006

-0.0007  0.0005  0.0015

-0.0007 -0.0013  0.0008

-0.0004 -0.0011 -0.0013

-0.0001  0.0008  0.0010

 0.0013 -0.0006 -0.0009

-0.0003 -0.0004  0.0000

 0.0016  0.0002 -0.0007

-0.0007 -0.0009  0.0009

 0.0008 -0.0011  0.0003

 0.0006  0.0004 -0.0016

-0.0017  0.0001  0.0004

-0.0007  0.0004 -0.0001

 0.0012  0.0000  0.0013

-0.0010  0.0011  0.0009

 0.0003 -0.0010  0.0014

 0.0015 -0.0006  0.0006

-0.0009 -0.0010  0.0003

-0.0017 -0.0004  0.0003

-0.0003  0.0004  0.0012

-0.0012 -0.0011  0.0007

-0.0001  0.0014 -0.0010

-0.0002 -0.0013 -0.0003

 0.0001 -0.0002  0.0008

 0.0011  0.0007  0.0001

 0.0004 -0.0008  0.0003

 0.0006 -0.0006 -0.0002

-0.0012 -0.0004 -0.0003

-0.0005  0.0013  0.0011

-0.0017  0.0002 -0.0001

-0.0009  0.0000  0.0015

 0.0005 -0.0002 -0.0006

 0.0003 -0.0006 -0.0016

 0.0001 -0.0002 -0.0013

-0.0011 -0.0000 -0.0006

-0.0010 -0.0009 -0.0011

 0.0002 -0.0014 -0.0011

 0.0002  0.0001 -0.0009

-0.0007  0.0002 -0.0005

 0.0004 -0.0010 -0.0010

-0.0017 -0.0003 -0.0002

-0.0010 -0.0005  0.0007

 0.0011  0.0013  0.0005

 0.0000  0.0003  0.0008

 0.0017 -0.0004  0.0002

 0.0007  0.0010  0.0001

-0.0010  0.0005 -0.0007

 0.0003  0.0015  0.0008

-0.5856  0.0339 -0.8099

-0.4290 -0.8012 -0.4171

 0.7329  0.6280 -0.2616

 0.4786 -0.8681 -0.1319

-0.1500 -0.9887 -0.0063

-0.9196  0.3303 -0.2129

-0.0059 -0.7952  0.6064

-0.2558  0.3810  0.8885

 0.5147 -0.7939 -0.3237

 0.5455 -0.7173  0.4335

-0.2713 -0.9070 -0.3221

 0.3567  0.6911 -0.6286

-0.7611  0.5991  0.2486

-0.9044 -0.1837 -0.3850

 0.2499  0.9596 -0.1294

-0.6113 -0.7198  0.3289

-0.6762  0.6721 -0.3017

-0.5312  0.4030 -0.7453

 0.0694  0.9072  0.4150

 0.1169  0.3432  0.9320

-0.6560  0.2216 -0.7215

-0.6367 -0.2778  0.7193

 0.3180  0.3936 -0.8625

 0.9401  0.2998 -0.1621

 0.3419  0.2274  0.9118

-0.7063  0.5405 -0.4572

-0.1383 -0.9625  0.2336

 0.8548  0.4571  0.2456

-0.0215  0.1778 -0.9838

-0.7750 -0.5860 -0.2368

 0.8788 -0.4772 -0.0055

-0.0974 -0.5368  0.8381

 0.7287  0.6592  0.1854

 0.1508 -0.8664 -0.4761

-0.9070 -0.1406  0.3969

-0.4758  0.2211 -0.8513

 0.5895  0.7501  0.2998

 0.0056 -0.6532 -0.7571

 0.5217  0.3311 -0.7863

 0.0633 -0.6548  0.7531

-0.3414  0.7745  0.5325

 0.7295  0.6818 -0.0542

-0.0998 -0.9718 -0.2137

-0.5262  0.8133 -0.2484

 0.9859  0.1649  0.0298

 0.0378 -0.4765 -0.8784

-0.0229 -0.3630  0.9315

-0.2286 -0.8098  0.5404

 0.9151 -0.0918  0.3927

 0.1519 -0.8668  0.4750

 0.5651  0.1186 -0.8164

-0.1732  0.9317 -0.3193

 0.8556  0.4977 -0.1422

-0.1029  0.3576 -0.9282

-0.6985  0.5577  0.4484

 0.7082 -0.5910  0.3862

 0.2288 -0.1319 -0.9645

 0.7726 -0.4239  0.4727

 0.8835 -0.3093  0.3517

-0.1970  0.6941 -0.6924

 0.5512 -0.0623  0.8320

 0.0917 -0.9505  0.2970

 0.4261 -0.6647  0.6137

 0.1190 -0.9501 -0.2883

 0.1569  0.7144 -0.6819

-0.9899  0.1002  0.0999

-0.4886 -0.1600 -0.8577

 0.6929 -0.5279 -0.4910

 0.0472 -0.0214 -0.9987

-0.8640 -0.4007 -0.3049

 0.0386  0.9725 -0.2298

-0.8320  0.3781 -0.4059

 0.2361 -0.3741 -0.8968

-0.6283 -0.7138 -0.3094

 0.1997 -0.0624  0.9779

-0.0605 -0.9085 -0.4135

 0.9314  0.3615  0.0437

-0.6876 -0.4271  0.5872

 0.5461 -0.3111 -0.7778

-0.4430  0.2509  0.8607

-0.8106  0.5334 -0.2418

 0.1960  0.8328 -0.5178

-0.3974  0.6240  0.6728

-0.5666 -0.6594 -0.4941

 0.0214 -0.9940  0.1076

-0.9639 -0.0200 -0.2655

-0.2585  0.1773  0.9496

 0.0905  0.9775  0.1904

-0.1711  0.8695  0.4634

 0.0666  0.9976 -0.0213

-0.3762  0.7211 -0.5818

-0.4809 -0.8490 -0.2190

-0.1028 -0.1586 -0.9820

-0.8025 -0.3447 -0.4870

-0.8784  0.0153 -0.4777

 0.9076  0.2195 -0.3579

-0.9188  0.1771 -0.3527

 0.8212 -0.0073  0.5707

-0.3770 -0.5383 -0.7537

-0.6485 -0.7537 -0.1065

-0.3172 -0.9410 -0.1176

 0.4864 -0.4806  0.7297

-0.6578 -0.1606 -0.7359

-0.3753 -0.6809  0.6289

-0.5619 -0.5227 -0.6411

 0.4469  0.5226 -0.7261

-0.8262 -0.3371  0.4514

-0.6343 -0.7658  0.1057

 0.9371  0.2570  0.2364

-0.1770  0.5252 -0.8324

-0.1981 -0.6944 -0.6918

-0.7136 -0.0400  0.6994

-0.5332  0.6780  0.5059

-0.7201 -0.5303 -0.4476

 0.1752 -0.7420 -0.6471

-0.0295  0.0645  0.9975

-0.3938  0.0352 -0.9185

 0.8006 -0.5741 -0.1713

 0.5456  0.5230  0.6548

-0.6896  0.7162 -0.1073

-0.9551 -0.2321 -0.1842

 0.2222  0.9164 -0.3329

 0.5898  0.7915 -0.1602

-0.0211  0.7925 -0.6095

-0.4387 -0.7804  0.4454

-0.9352  0.2547  0.2460

-0.5965  0.1090  0.7952

-0.9288 -0.2823  0.2400

 0.6575 -0.7404 -0.1398

 0.2849 -0.9518 -0.1138

 0.4418  0.8766  0.1909

 0.2608  0.9153  0.3070

-0.3394  0.3922 -0.8550

-0.0224  0.6572  0.7533

-0.3242  0.9456  0.0282

 0.5339 -0.2791  0.7982

 0.2955  0.4182  0.8589

-0.7478  0.1706  0.6416

-0.8929 -0.4369 -0.1090

-0.4739 -0.8501  0.2294

 0.9029  0.1263  0.4110

-0.8633  0.2171  0.4555

 0.2880 -0.5849  0.7582

 0.2375  0.5634 -0.7913

 0.3826  0.2026 -0.9014

-0.1837  0.7349  0.6528

-0.7414  0.3707  0.5593

 0.5810  0.6500  0.4899

-0.0893  0.9511  0.2958

 0.7079  0.4433  0.5499

-0.2332 -0.8225 -0.5187

-0.8375 -0.4625  0.2911

 0.3807  0.0267  0.9243

-0.8817  0.4447  0.1577

-0.5616 -0.6281  0.5387

 0.0713 -0.2698 -0.9603

-0.2834  0.9267  0.2469

 0.7861  0.3398 -0.5163

 0.8096 -0.3058 -0.5011

 0.7335  0.5643  0.3790

 0.7149 -0.1774 -0.6764

-0.6077  0.3163  0.7285

 0.3977  0.7996 -0.4499

 0.8372  0.5439  0.0575

-0.1836  0.0354 -0.9824

-0.5531  0.5673 -0.6101

 0.6687 -0.7091  0.2237

-0.4777  0.8634  0.1621

-0.5850  0.5075  0.6327

 0.0700  0.4662 -0.8819

 0.9145 -0.3595 -0.1858

-0.1210  0.9885  0.0907

-0.8096  0.2134 -0.5468

 0.7613 -0.6472  0.0400

-0.8841 -0.4584  0.0912

-0.5202 -0.3541 -0.7772

 0.2089 -0.5747 -0.7912

 0.9801  0.0925 -0.1754

 0.9667 -0.2556 -0.0124

 0.3507 -0.7932 -0.4978

 0.1845  0.7083  0.6814

 0.4170 -0.9057  0.0755

 0.0766 -0.9929 -0.0914

-0.1993  0.8355 -0.5121

-0.3754  0.5664 -0.7337

 0.1334 -0.4862  0.8636

-0.4212  0.8313  0.3627

 0.8402  0.3436  0.4195

-0.7485  0.0384 -0.6620

-0.4595 -0.3437  0.8190

-0.7557 -0.6263  0.1914

-0.3018 -0.1638 -0.9392

-0.3692  0.8441 -0.3888

 0.5339  0.1616  0.8300

-0.1752 -0.5359 -0.8259

 0.8115 -0.2210  0.5410

 0.9741  0.0485  0.2207

-0.5375  0.7113 -0.4529

-0.5185  0.8539 -0.0458

 0.4002  0.7037  0.5871

-0.2292  0.5694  0.7895

-0.0723 -0.8999  0.4300

 0.1389  0.5494  0.8239

-0.6495  0.7527  0.1072

 0.7062  0.5442 -0.4529

-0.9435  0.0583  0.3261

 0.4183  0.8723 -0.2532

 0.5418  0.6345 -0.5512

-0.6064  0.7306  0.3139

-0.5577 -0.1162  0.8219

-0.7150 -0.5579  0.4215

-0.6989  0.3896 -0.5998

 0.1601  0.1427  0.9767

 0.2187 -0.7433  0.6322

 0.3941 -0.4610 -0.7951

-0.0280 -0.8014 -0.5975

 0.6000  0.7967  0.0723

-0.7850 -0.1950  0.5879

-0.1359 -0.3558 -0.9246

 0.6741 -0.3786 -0.6342

 0.4415  0.8965 -0.0357

-0.8345  0.4128  0.3650

 0.5720 -0.0973 -0.8145

 0.6076 -0.5504  0.5726

-0.3361 -0.3621 -0.8694

 0.9105 -0.2188 -0.3507

 0.6918  0.2421 -0.6803

-0.2574 -0.3902  0.8840

-0.6802 -0.3556 -0.6410

 0.9673 -0.1612  0.1960

 0.3953 -0.2318 -0.8888

 0.6311  0.4483 -0.6330

-0.8483  0.0139  0.5293

 0.0092  0.8083  0.5887

-0.3214 -0.5456  0.7739

-0.8810  0.4688 -0.0641

-0.9803 -0.0928  0.1746

 0.3584 -0.8098  0.4646

 0.5324 -0.6812 -0.5024

-0.2189 -0.0215  0.9755

 0.1518  0.2902 -0.9448

-0.9643 -0.2634  0.0262

-0.9817  0.1404 -0.1290

 0.5352 -0.5311 -0.6569

 0.3750 -0.1877  0.9078

 0.7217  0.0312 -0.6915

-0.3907 -0.6907 -0.6085

 0.4050 -0.0114 -0.9143

 0.9309  0.0051 -0.3652

-0.2640  0.2189 -0.9393

 0.6514  0.3004  0.6967

 0.2717  0.9587  0.0839

 0.8341  0.1288 -0.5364

-0.9567  0.2904  0.0206

-0.1623 -0.6882  0.7071

-0.7849 -0.6192 -0.0235

-0.3466  0.9202 -0.1817

-0.1748 -0.2205  0.9596

-0.7898  0.6124  0.0342

 0.4848  0.3733  0.7910

 0.2332  0.8251  0.5146

 0.4937 -0.8292  0.2622

-0.3191 -0.9405  0.1172

-0.1460  0.9825 -0.1154

 0.3534  0.5754  0.7376

 0.9167 -0.3655  0.1614

 0.5962 -0.8012  0.0509

 0.3246 -0.8925 -0.3133

 0.3007 -0.9093  0.2875

 0.2159  0.0942 -0.9719

-0.3752 -0.1770  0.9099

 0.5784  0.7298 -0.3645

 0.9990 -0.0418  0.0148

-0.7990 -0.1541 -0.5813

-0.0056  0.6289 -0.7774

 0.9754 -0.1236 -0.1826

 0.8415  0.4252 -0.3333

-0.4869 -0.8734 -0.0006

 0.3661 -0.6536 -0.6624

-0.2928 -0.8909  0.3472

-0.4237  0.0361  0.9051

 0.6679 -0.3577  0.6527

-0.0570  0.4721  0.8797

-0.9969 -0.0617 -0.0490

 0.8224 -0.4524 -0.3450

-0.4324  0.4481  0.7824

 0.1783 -0.2809  0.9430

 0.0116 -0.1409  0.9900

 0.4224  0.8108  0.4052

 0.8427 -0.0885 -0.5311

-0.5177 -0.4971  0.6964

-0.0705  0.2659  0.9614

 0.6907  0.0746  0.7193

 0.8181 -0.5286  0.2263

 0.7906  0.2108  0.5749

 0.6957 -0.1462  0.7032

 0.2250 -0.9697  0.0952

 0.6808 -0.6541 -0.3297

 0.0096  0.9035 -0.4286

 0.3394 -0.3940  0.8542

-0.0009 -0.0005  0.0003

-0.0004  0.0008  0.0005

-0.0007 -0.0008  0.0002

-0.0008 -0.0000 -0.0001

-0.0003 -0.0006 -0.0003

-0.0001  0.0008 -0.0001

 0.0006 -0.0001  0.0008

-0.0003  0.0001  0.0005

-0.0001 -0.0000  0.0010

 0.0002  0.0006 -0.0001

-0.0003  0.0004  0.0001

-0.0003  0.0007 -0.0002

 0.0007  0.0007 -0.0003

 0.0002 -0.0005 -0.0001

 0.0007  0.0002  0.0002

-0.0003 -0.0007  0.0007

-0.0003  0.0003 -0.0007

 0.0006 -0.0005  0.0002

-0.0004  0.0006  0.0007

-0.0001 -0.0005  0.0001

 0.0001 -0.0010 -0.0002

 0.0006  0.0003  0.0005

-0.0005  0.0005 -0.0004

-0.0004  0.0005  0.0004

 0.0002 -0.0007  0.0008

 0.0000 -0.0011  0.0001

 0.0006  0.0005  0.0008

-0.0006 -0.0007  0.0005

 0.0004  0.0009  0.0004

-0.0005  0.0004  0.0009

 0.0008  0.0000 -0.0008

 0.0008 -0.0005 -0.0003

-0.0003 -0.0003 -0.0003

-0.0009 -0.0004  0.0001

 0.0005 -0.0008 -0.0005

 0.0003  0.0009 -0.0004

 0.0007  0.0008  0.0003

-0.0009  0.0003 -0.0005

 0.0002 -0.0004  0.0006

 0.0000  0.0008 -0.0007

-0.0006 -0.0008 -0.0003

 0.0004 -0.0003 -0.0000

-0.0002  0.0006  0.0009

 0.0000  0.0002 -0.0008

 0.0003  0.0003 -0.0010

 0.0003  0.0004  0.0009

 0.0008  0.0000 -0.0001

 0.0007 -0.0008 -0.0003

-0.0007  0.0005  0.0006

 0.0005 -0.0003  0.0005

 0.0006 -0.0009  0.0000

-0.0010  0.0003  0.0002

 0.0001 -0.0003 -0.0010

-0.0005 -0.0001  0.0006

 0.0001  0.0010 -0.0002

 0.0001  0.0002 -0.0002

-0.0006  0.0000 -0.0009

-0.0010  0.0003 -0.0002

-0.0003 -0.0007 -0.0000

-0.0001 -0.0009  0.0006

 0.0006  0.0002  0.0008

 0.0002 -0.0009 -0.0005

 0.0004 -0.0006  0.0004

-0.0005  0.0003  0.0006

 0.0005 -0.0004 -0.0004

 0.0010  0.0000 -0.0004

 0.0005 -0.0001 -0.0000

 0.0005  0.0002 -0.0006

-0.0000 -0.0005 -0.0006

-0.0009  0.0006  0.0002

 0.0004  0.0001  0.0002

-0.0003  0.0008 -0.0006

-0.0007  0.0002 -0.0007

-0.0005 -0.0005 -0.0004

-0.0008  0.0006 -0.0003

 0.0002 -0.0000 -0.0008

-0.0006  0.0007 -0.0005

-0.0002  0.0004  0.0006

 0.0006  0.0005 -0.0001

-0.0001 -0.0000  0.0002

-0.0002  0.0006 -0.0005

-0.0001  0.0010  0.0004

 0.0002  0.0010  0.0003

-0.0004 -0.0002  0.0010

-0.0005  0.0003 -0.0005

-0.0002  0.0000 -0.0004

-0.0004 -0.0004 -0.0001

 0.0002 -0.0007 -0.0007

-0.0008 -0.0006 -0.0003

-0.0008 -0.0004  0.0006

 0.0000 -0.0002  0.0008

-0.0004 -0.0009  0.0005

-0.0002  0.0004 -0.0009

-0.0002  0.0001  0.0008

 0.0002 -0.0004  0.0002

 0.0003 -0.0005 -0.0009

-0.0002  0.0010  0.0002

 0.0003  0.0002 -0.0007

-0.0007  0.0005 -0.0006

-0.0001  0.0008  0.0007

 0.0004 -0.0009 -0.0002

 0.0004  0.0005 -0.0008

 0.0000  0.0003  0.0007

-0.0003 -0.0004  0.0002

-0.0000 -0.0008 -0.0006

-0.0007  0.0001  0.0004

 0.0001  0.0002  0.0010

 0.0006  0.0000  0.0005

-0.0000  0.0003  0.0001

 0.0000 -0.0003  0.0004

-0.0001 -0.0006  0.0008

 0.0009  0.0006 -0.0001

-0.0005  0.0003 -0.0009

-0.0001  0.0010 -0.0004

 0.0007 -0.0006  0.0005

-0.0010  0.0001  0.0005

 0.0010 -0.0001 -0.0001

 0.0000  0.0005  0.0003

-0.0006 -0.0006  0.0007

 0.0009  0.0004 -0.0004

-0.0006  0.0007  0.0004

 0.0007 -0.0003  0.0000

 0.0005  0.0002 -0.0001

 0.0010 -0.0002  0.0002

 0.0006  0.0003 -0.0008

 0.0000  0.0006  0.0006

-0.0003 -0.0002 -0.0000

-0.0002 -0.0002  0.0005

-0.0007  0.0004 -0.0002

 0.0003 -0.0006 -0.0005

-0.0004  0.0002  0.0002

-0.0010 -0.0003 -0.0002

 0.0003  0.0004  0.0002

 0.0006  0.0004  0.0002

-0.0009 -0.0003 -0.0005

 0.0003  0.0001  0.0005

-0.0001 -0.0003 -0.0005

-0.0003 -0.0008 -0.0005

-0.0003 -0.0005  0.0009

 0.0007  0.0005 -0.0006

 0.0005  0.0009 -0.0002

 0.0006 -0.0002 -0.0008

-0.0006  0.0000  0.0009

 0.0008  0.0002  0.0007
