   1  0.4876 -0.8629  0.1332
   2  0.8985 -0.2699  0.3461
   3  0.3243 -0.9416  0.0909
   4 -0.4592 -0.5280  0.7143
   5 -0.4929 -0.3550  0.7944
   6  0.1573 -0.5275  0.8348
   7 -0.3708  0.1333  0.9191
   8 -0.1803  0.9072 -0.3801
   9 -0.3466 -0.2576  0.9020
  10  0.9188 -0.0787  0.3869
  11  0.0943 -0.9000 -0.4255
  12 -0.8482  0.2683  0.4567
  13  0.4691  0.5699  0.6746
  14 -0.9298 -0.3517 -0.1087
  15  0.4470 -0.8928 -0.0549
  16 -0.0129  0.8907 -0.4544
  17  0.1490 -0.9884  0.0286
  18  0.9184  0.0801 -0.3875
  19 -0.3000  0.9478  0.1076
  20 -0.6383  0.1294  0.7588
  21 -0.9402 -0.1107  0.3221
  22 -0.0119  0.5038  0.8637
  23  0.3065  0.7394 -0.5994
  24 -0.4204 -0.5721 -0.7042
  25 -0.0144 -0.1180 -0.9929
  26  0.5995  0.1976  0.7756
  27 -0.5002 -0.8548  0.1384
  28  0.7480 -0.6625  0.0388
  29 -0.3288 -0.7141 -0.6180
  30  0.6362 -0.7528  0.1690
  31  0.5473  0.3926  0.7391
  32  0.0023 -0.6228  0.7824
  33  0.2834  0.3319  0.8997
  34 -0.0307 -0.8334 -0.5518
  35  0.2876  0.6277  0.7234
  36 -0.4925 -0.6871 -0.5342
  37 -0.7508 -0.3515  0.5593
  38  0.3179  0.8913  0.3234
  39  0.1618 -0.6889  0.7066
  40 -0.5575  0.4234 -0.7141
  41  0.2013  0.9651 -0.1674
  42  0.5407  0.2773 -0.7942
  43 -0.4707 -0.7358  0.4870
  44 -0.8658 -0.0754  0.4947
  45 -0.0353  0.7906 -0.6113
  46 -0.1625 -0.9867 -0.0068
  47 -0.1349  0.6064  0.7836
  48  0.6076 -0.7941 -0.0132
  49  0.3846 -0.3738 -0.8440
  50 -0.6209  0.0947 -0.7781
  51  0.9977 -0.0122  0.0673
  52 -0.7116 -0.6555 -0.2528
  53  0.3814  0.4617  0.8008
  54  0.0630 -0.2924 -0.9542
  55 -0.9300  0.3672  0.0138
  56  0.9883  0.1507 -0.0248
  57  0.4942 -0.0391 -0.8685
  58 -0.3953 -0.8090 -0.4350
  59 -0.1428  0.9894 -0.0274
  60 -0.1550 -0.9684 -0.1953
  61  0.5390 -0.6801 -0.4969
  62 -0.0002 -0.4576 -0.8892
  63  0.7139 -0.4121 -0.5661
  64  0.4880 -0.5967  0.6370
  65 -0.0325 -0.0673  0.9972
  66  0.4585 -0.4690  0.7549
  67 -0.9305  0.3256 -0.1681
  68 -0.6202  0.3318  0.7108
  69 -0.5747 -0.5394 -0.6155
  70 -0.1744 -0.3524  0.9195
  71  0.2679 -0.9585 -0.0978
  72 -0.3500  0.3378  0.8737
  73 -0.1998  0.8142 -0.5451
  74 -0.3355  0.9045 -0.2632
  75  0.3134 -0.0394  0.9488
  76  0.9093  0.2642 -0.3215
  77  0.0216 -0.9954 -0.0929
  78 -0.4906  0.7812  0.3861
  79 -0.1839  0.8056  0.5632
  80  0.4746 -0.1051  0.8739
  81  0.6137  0.4042 -0.6782
  82  0.8203  0.4069 -0.4020
  83  0.3308 -0.9030  0.2741
  84  0.0761  0.6406  0.7641
  85  0.4481  0.2722  0.8515
  86  0.2132  0.9768  0.0179
  87 -0.1725 -0.9102  0.3766
  88 -0.4036  0.4159 -0.8149
  89 -0.9410 -0.3291  0.0790
  90 -0.4428  0.5979  0.6682
  91 -0.6163 -0.4390  0.6538
  92  0.9168  0.1321  0.3769
  93 -0.1241  0.9804  0.1528
  94  0.8144 -0.4252 -0.3949
  95 -0.3808 -0.0929 -0.9200
  96 -0.7357  0.3939  0.5509
  97  0.3042  0.1474  0.9411
  98 -0.6469  0.6868  0.3314
  99  0.0299  0.9942 -0.1037
 100  0.1681 -0.8130  0.5574
 101 -0.8878 -0.3548 -0.2932
 102 -0.1178  0.5365 -0.8356
 103 -0.0553  0.3093  0.9493
 104  0.6327 -0.6941  0.3433
 105  0.6031  0.7222  0.3387
 106  0.8511 -0.4420  0.2834
 107 -0.8142 -0.3406 -0.4702
 108  0.3324 -0.7192  0.6101
 109  0.0017 -0.7705  0.6374
 110  0.8323 -0.5468 -0.0907
 111  0.4689  0.0832  0.8793
 112  0.5450  0.6590  0.5184
 113  0.3388  0.8348 -0.4340
 114  0.8797 -0.1006 -0.4648
 115  0.1295  0.9079  0.3987
 116 -0.5030  0.2378  0.8309
 117 -0.9706  0.2126  0.1127
 118 -0.6164  0.7874  0.0040
 119 -0.9257  0.2462  0.2872
 120 -0.1842 -0.4502 -0.8737
 121  0.3584  0.9241  0.1327
 122  0.5519 -0.8105 -0.1964
 123 -0.4755  0.4322  0.7662
 124  0.3306 -0.5357 -0.7770
 125 -0.3094  0.8481  0.4301
 126 -0.5971  0.5763 -0.5579
 127  0.3741  0.7175  0.5875
 128  0.4263  0.1419 -0.8934
 129  0.7448  0.3538 -0.5657
 130  0.1323  0.7436 -0.6554
 131  0.2567  0.8279  0.4986
 132  0.6651 -0.4629  0.5860
 133  0.6594 -0.2965 -0.6908
 134 -0.7511  0.6172 -0.2343
 135 -0.7207  0.5543 -0.4164
 136  0.7653 -0.1412 -0.6280
 137 -0.7496  0.6601 -0.0486
 138  0.7600  0.4080  0.5059
 139  0.6902  0.5188 -0.5045
 140  0.3144 -0.5871  0.7459
 141  0.6573  0.7520 -0.0493
 142 -0.2320  0.3981 -0.8875
 143 -0.4462 -0.8632 -0.2363
 144  0.1091  0.3810  0.9181
 145 -0.6411 -0.0792  0.7634
 146 -0.7534  0.0124  0.6575
 147 -0.3628 -0.0654  0.9296
 148 -0.1833 -0.9645  0.1903
 149 -0.9384 -0.0262 -0.3446
 150 -0.7894 -0.5088 -0.3435
 151 -0.8355  0.5431  0.0835
 152 -0.9831 -0.1781 -0.0418
 153  0.8389  0.2193 -0.4982
 154  0.5215  0.8392 -0.1541
 155 -0.2488 -0.5946 -0.7645
 156 -0.0651 -0.6054 -0.7933
 157 -0.7068 -0.0650 -0.7044
 158 -0.7662 -0.1740  0.6186
 159 -0.6444 -0.7331  0.2174
 160 -0.6182  0.6929 -0.3712
 161  0.5947 -0.3658  0.7159
 162 -0.2011 -0.1085 -0.9735
 163 -0.4863  0.7123 -0.5061
 164 -0.9784  0.0464  0.2015
 165 -0.3440 -0.7123  0.6118
 166  0.4347 -0.6180 -0.6551
 167 -0.9258  0.0787  0.3698
 168 -0.5137  0.0299  0.8574
 169 -0.2183  0.9291  0.2985
 170  0.9243 -0.3798 -0.0372
 171  0.0497 -0.7274 -0.6844
 172  0.8144  0.2101  0.5409
 173  0.8146  0.4776  0.3290
 174 -0.8276  0.4234  0.3687
 175 -0.7432  0.2216  0.6313
 176  0.7056 -0.6936 -0.1452
 177 -0.3520  0.8248 -0.4426
 178 -0.2083  0.0313  0.9776
 179 -0.9540 -0.1911 -0.2312
 180 -0.6687  0.2592 -0.6969
 181  0.2844 -0.8682 -0.4066
 182  0.8643  0.4495 -0.2257
 183  0.3250 -0.8334  0.4469
 184  0.2357  0.1816 -0.9547
 185  0.4757 -0.7342  0.4845
 186  0.6934 -0.5672 -0.4443
 187  0.1886 -0.4494 -0.8732
 188  0.5902 -0.5332 -0.6060
 189  0.9026 -0.2576 -0.3448
 190  0.1058  0.0460 -0.9933
 191  0.7528  0.5730 -0.3240
 192 -0.5670  0.7992  0.1992
 193 -0.6239 -0.6718  0.3992
 194 -0.7759 -0.2037 -0.5971
 195  0.5209 -0.4343 -0.7349
 196  0.4656 -0.2890  0.8364
 197 -0.7113  0.6888  0.1397
 198 -0.2252 -0.8285 -0.5127
 199  0.0320  0.2145 -0.9762
 200  0.0389  0.8366  0.5464
 201  0.9697  0.1792  0.1663
 202  0.3650 -0.7582 -0.5403
 203  0.9540 -0.0778 -0.2894
 204  0.6343 -0.7013 -0.3254
 205  0.3741  0.9250 -0.0656
 206 -0.3481  0.2453 -0.9048
 207  0.0818  0.5076 -0.8577
 208  0.7698  0.6364  0.0497
 209  0.7405  0.6271  0.2417
 210 -0.7647  0.0937 -0.6375
 211  0.7200  0.0327 -0.6932
 212 -0.5539 -0.7599 -0.3403
 213  0.5216 -0.2508 -0.8155
 214  0.1606  0.3481 -0.9236
 215  0.9139  0.3369  0.2262
 216 -0.2952 -0.2743 -0.9152
 217 -0.6404 -0.7673  0.0334
 218 -0.0166 -0.9937  0.1112
 219  0.9927 -0.0451 -0.1119
 220 -0.0412  0.3796 -0.9242
 221  0.1524 -0.3434  0.9268
 222  0.1765 -0.1226 -0.9766
 223 -0.4021  0.8800  0.2527
 224 -0.0896  0.0572 -0.9943
 225  0.4692  0.7118 -0.5226
 226  0.0058  0.6513 -0.7588
 227  0.8565  0.4964  0.1413
 228  0.8565 -0.5073  0.0951
 229 -0.1588  0.9656 -0.2058
 230 -0.0100 -0.9542  0.2989
 231 -0.0919  0.8968  0.4329
 232  0.0142 -0.9635 -0.2675
 233  0.9653 -0.1626  0.2045
 234  0.9580 -0.2337 -0.1663
 235 -0.2160  0.2259  0.9499
 236  0.4900  0.8386  0.2380
 237 -0.0191 -0.2577  0.9660
 238 -0.9823  0.1750 -0.0668
 239 -0.6246 -0.2262 -0.7474
 240  0.0008  0.9590  0.2833
 241  0.1449 -0.1574  0.9768
 242 -0.4869 -0.8723 -0.0458
 243 -0.8022  0.3974 -0.4456
 244 -0.8207 -0.4245  0.3823
 245  0.8480  0.0238  0.5295
 246 -0.6903  0.4195 -0.5895
 247 -0.1631  0.2303 -0.9594
 248  0.1574 -0.9067  0.3914
 249 -0.6974 -0.5227  0.4903
 250 -0.9878 -0.0187 -0.1548
 251 -0.6423 -0.6336 -0.4313
 252  0.6926  0.3084  0.6521
 253 -0.8664 -0.4993  0.0129
 254  0.3606  0.8974 -0.2540
 255  0.9424  0.3319  0.0410
 256 -0.1455 -0.7303 -0.6675
 257 -0.2781  0.0704 -0.9580
 258 -0.8422  0.1033  0.5292
 259  0.2800  0.4714 -0.8362
 260 -0.8449  0.4588 -0.2750
 261  0.1757 -0.8073 -0.5633
 262 -0.3211 -0.9397 -0.1177
 263  0.5486  0.5684 -0.6131
 264 -0.4654  0.8832  0.0584
 265 -0.3370 -0.9388  0.0716
 266 -0.3128  0.5262  0.7908
 267  0.3103 -0.4133  0.8561
 268  0.9694  0.0206  0.2445
 269 -0.0527  0.7373  0.6735
 270 -0.5284 -0.4047 -0.7464
 271 -0.7970  0.2487 -0.5504
 272  0.8853 -0.4098 -0.2196
 273 -0.8606 -0.2514  0.4430
 274 -0.3389  0.7073 -0.6204
 275  0.8134 -0.2715 -0.5145
 276  0.7992 -0.3699  0.4738
 277  0.1994  0.5150  0.8336
 278 -0.9183 -0.2944  0.2647
 279 -0.3271 -0.4347  0.8391
 280 -0.0106 -0.8768  0.4807
 281 -0.1545 -0.6967  0.7005
 282 -0.9581  0.1385 -0.2509
 283  0.1829  0.9597  0.2133
 284 -0.7036  0.5496  0.4505
 285  0.6095 -0.6106  0.5057
 286 -0.4562  0.0861 -0.8857
 287 -0.8949  0.4025  0.1927
 288  0.2442 -0.2863 -0.9265
 289  0.9798 -0.1993  0.0165
 290 -0.2825 -0.9040 -0.3208
 291 -0.4562  0.5759 -0.6784
 292  0.4421  0.7914  0.4223
 293  0.5168  0.8551  0.0421
 294 -0.9996  0.0114  0.0263
 295 -0.5455 -0.6052  0.5797
 296 -0.3890  0.7378  0.5517
 297 -0.5998  0.5031  0.6222
 298 -0.5043 -0.1711  0.8464
 299  0.8685  0.3027  0.3925
 300 -0.8573  0.5055 -0.0971
 301  0.6505  0.7207 -0.2398
 302 -0.4655 -0.2540 -0.8478
 303  0.8279  0.0513 -0.5585
 304 -0.3219  0.9434 -0.0800
 305  0.7326  0.1078  0.6721
 306 -0.1097 -0.9123 -0.3945
 307 -0.7811  0.5658  0.2642
 308 -0.2952  0.5628 -0.7721
 309  0.1263  0.2066  0.9702
 310  0.7478 -0.0812  0.6590
 311 -0.7539 -0.5840  0.3010
 312 -0.8411 -0.5140 -0.1687
 313  0.6156  0.6652 -0.4226
 314  0.9429  0.3016 -0.1411
 315  0.1607 -0.9638  0.2129
 316  0.1901 -0.9483 -0.2542
 317 -0.4863  0.8639 -0.1312
 318 -0.9787 -0.1470  0.1432
 319 -0.1858  0.4279  0.8845
 320 -0.1723  0.6879 -0.7050
 321  0.6325 -0.1137 -0.7661
 322 -0.6104 -0.7770 -0.1540
 323 -0.0441  0.1219  0.9916
 324  0.5009  0.7954 -0.3413
 325 -0.1940 -0.1627  0.9674
 326  0.7292 -0.2741  0.6270
 327  0.6920  0.5786  0.4317
 328  0.2097  0.6173 -0.7583
 329  0.4675 -0.8003 -0.3754
 330  0.7764 -0.5692 -0.2707
 331 -0.8623 -0.4665  0.1970
 332 -0.5177  0.2574 -0.8159
 333  0.1833  0.9209 -0.3440
 334 -0.3008 -0.5983  0.7427
 335 -0.2636  0.6839  0.6802
 336 -0.6806 -0.3608 -0.6376
 337 -0.8951  0.2741 -0.3516
 338  0.4561  0.4486 -0.7686
 339 -0.5577  0.6537  0.5116
 340  0.5916  0.1027 -0.7996
 341  0.3869  0.6038 -0.6969
 342  0.3127 -0.2265  0.9224
 343 -0.7688 -0.6288  0.1162
 344  0.1267 -0.5969 -0.7923
 345 -0.1792 -0.8128  0.5543
 346 -0.4918  0.8113 -0.3160
 347  0.2520 -0.6854 -0.6831
 348 -0.3617 -0.4319 -0.8262
 349  0.4902 -0.8133  0.3135
 350 -0.8841  0.1161 -0.4527
 351 -0.4977 -0.8072  0.3175
 352  0.3609  0.3118 -0.8789
 353  0.9709  0.1156 -0.2095
 354  0.7049  0.2152 -0.6759
 355 -0.5497 -0.0736 -0.8321
 356  0.0441  0.9956  0.0832
 357  0.3779 -0.1681 -0.9105
 358  0.0114  0.9586 -0.2845
 359  0.9295 -0.3369  0.1499
 360 -0.6407 -0.2647  0.7207
 361  0.1673  0.7477  0.6426
 362  0.8384 -0.1789  0.5149
 363  0.8739  0.4841 -0.0447
 364  0.6186 -0.1812  0.7646
 365  0.7609 -0.6088  0.2246
 366  0.7435 -0.5336  0.4030
 367 -0.0019 -0.4446  0.8957
 368 -0.8434 -0.0441 -0.5354
 369  0.3805 -0.8934 -0.2388
 370 -0.1531 -0.5304  0.8338
 371 -0.3272 -0.8359  0.4407
 372 -0.7539 -0.6533 -0.0692
 373  0.1584  0.8471 -0.5073
 374 -0.7117 -0.4854 -0.5078
 375  0.6265  0.4975  0.6000
 376  0.3085  0.0072 -0.9512
 377  0.6400  0.7545  0.1455
 378 -0.8899 -0.1868 -0.4162
 379  0.1382  0.0265  0.9901
 380 -0.1177 -0.2877 -0.9505
 381  0.7756  0.6156 -0.1398
 382 -0.6317  0.7530 -0.1842
 383 -0.3446 -0.9018  0.2609
 384  0.6175  0.0047  0.7865
 385  0.4317 -0.2574 -0.8645
 386 -0.8493  0.4477  0.2797
 387  0.6736 -0.5023 -0.5422
 388  0.5658  0.8228 -0.0533
 389  0.2710  0.7424  0.6127
 390  0.2640 -0.9481  0.1771
 391  0.7633  0.4958 -0.4142
 392 -0.6195  0.6311 -0.4669
 393 -0.7907  0.2714  0.5487
 394  0.5520  0.5806  0.5985
 395 -0.1986  0.8669  0.4572
 396 -0.3632 -0.7699 -0.5248
 397  0.6708 -0.7393  0.0587
 398 -0.2835  0.7574  0.5881
 399 -0.8508  0.2578 -0.4578
 400  0.9356  0.2160  0.2791
 401 -0.9622  0.2105 -0.1728
 402 -0.5451 -0.5229  0.6553
 403  0.9685  0.0168 -0.2486
 404  0.2859 -0.1362 -0.9486
 405 -0.8911 -0.0963 -0.4434
 406  0.0926  0.4985  0.8620
 407  0.2697  0.3664 -0.8905
 408 -0.5925  0.0237  0.8052
 409 -0.4008 -0.8981  0.1812
 410  0.5533 -0.7738 -0.3083
 411  0.1086 -0.9483  0.2982
 412 -0.5971 -0.6278  0.4993
 413 -0.0247  0.6087  0.7930
 414  0.9526 -0.3012  0.0421
 415  0.2137  0.4080  0.8876
 416 -0.6879  0.3488  0.6365
 417  0.2748  0.9597 -0.0589
 418  0.4140 -0.8865  0.2065
 419 -0.6347 -0.1233 -0.7629
 420  0.2771 -0.7548 -0.5945
 421  0.0167  0.2249  0.9742
 422  0.1925 -0.6086  0.7698
 423 -0.2311  0.9525  0.1984
 424  0.8119  0.5406 -0.2202
 425  0.3303 -0.9439 -0.0052
 426  0.7836  0.1345 -0.6065
 427 -0.0155  0.4722 -0.8814
 428  0.8272 -0.1616 -0.5382
 429  0.9064  0.4101  0.1010
 430 -0.5421 -0.8072 -0.2336
 431  0.9888  0.0796  0.1258
 432  0.6377  0.4014  0.6575
 433 -0.9086  0.4062 -0.0973
 434 -0.9290  0.1293 -0.3468
 435 -0.9657  0.2595  0.0018
 436 -0.4612 -0.0705  0.8845
 437  0.2653 -0.8912  0.3679
 438 -0.1203 -0.8124 -0.5706
 439 -0.1754  0.5218  0.8348
 440 -0.2167  0.3197  0.9224
 441  0.6338  0.2985 -0.7136
 442 -0.2325 -0.7643 -0.6015
 443 -0.1046 -0.0527 -0.9931
 444 -0.2789 -0.3438  0.8967
 445 -0.5802 -0.8130 -0.0490
 446 -0.3695 -0.2010 -0.9073
 447 -0.5569  0.8253  0.0935
 448 -0.8783  0.3142  0.3603
 449 -0.5127  0.7541 -0.4104
 450 -0.3265  0.6134  0.7191
 451  0.8210  0.5703 -0.0250
 452  0.7742  0.2566 -0.5786
 453 -0.8230  0.1234 -0.5545
 454 -0.4260  0.5170  0.7424
 455 -0.4936  0.8209  0.2873
 456 -0.6412  0.0030 -0.7674
 457  0.8848  0.0198 -0.4656
 458 -0.4437 -0.2712  0.8542
 459  0.7542  0.2298  0.6152
 460 -0.5667  0.8201 -0.0793
 461  0.7740  0.4760  0.4175
 462  0.7099 -0.6559 -0.2566
 463 -0.8931  0.4444  0.0696
 464 -0.2422  0.2865 -0.9270
 465 -0.8039 -0.0585  0.5919
 466  0.9532 -0.1017  0.2847
 467 -0.9098 -0.3758  0.1760
 468  0.2338  0.8941  0.3820
 469 -0.6421 -0.6949 -0.3238
 470  0.6919 -0.5185  0.5025
 471  0.7674 -0.5205 -0.3745
 472  0.2295 -0.7302  0.6435
 473 -0.4646  0.1416  0.8741
 474 -0.5945 -0.7948  0.1223
 475 -0.7654  0.4446  0.4652
 476  0.2789 -0.9141 -0.2945
 477 -0.1453 -0.5424 -0.8274
 478 -0.3920  0.9199 -0.0077
 479  0.6147 -0.0256 -0.7883
 480  0.1228  0.9471  0.2966
 481 -0.4744  0.6562  0.5868
 482 -0.9080 -0.0128  0.4188
 483  0.6707  0.1267 -0.7308
 484  0.5194 -0.8540  0.0291
 485 -0.2134  0.7485 -0.6278
 486  0.6892  0.7234  0.0420
 487 -0.1363 -0.9464  0.2929
 488 -0.1068 -0.7719  0.6267
 489 -0.8332 -0.5402  0.1179
 490 -0.3885  0.8545 -0.3447
 491  0.4799  0.4760  0.7370
 492 -0.9042  0.3371 -0.2624
 493 -0.5963 -0.1825  0.7817
 494  0.5734  0.7828 -0.2417
 495  0.9972  0.0469 -0.0576
 496  0.4560  0.8554 -0.2457
 497 -0.2651 -0.9392 -0.2183
 498  0.0767  0.8153 -0.5739
 499 -0.0496  0.7209 -0.6912
 500  0.0475 -0.9110  0.4098
 501  0.2910  0.8903 -0.3504
 502 -0.4275 -0.6378  0.6406
 503  0.6869 -0.6865  0.2385
 504 -0.0711  0.8157  0.5741
 505 -0.1532  0.6966  0.7009
 506 -0.3127  0.0497  0.9485
 507  0.5388  0.7291 -0.4220
 508  0.9357  0.0343  0.3511
 509  0.5579  0.1001  0.8238
 510  0.9153  0.3931 -0.0873
 511 -0.4386 -0.3594 -0.8237
 512  0.4034 -0.0535 -0.9135
 513 -0.7221 -0.6906  0.0407
 514  0.6919  0.6438  0.3269
 515 -0.7501 -0.3710 -0.5474
 516  0.0716 -0.8018 -0.5933
 517 -0.3238  0.8862  0.3312
 518 -0.5336  0.1512 -0.8321
 519  0.7921 -0.5339  0.2957
 520 -0.1803  0.1185 -0.9764
 521  0.6910  0.5032  0.5190
 522  0.0485 -0.3433  0.9380
 523 -0.9940  0.0665 -0.0871
 524  0.1181  0.9923 -0.0365
 525  0.4571  0.7264  0.5132
 526 -0.0889  0.8494 -0.5201
 527 -0.2192  0.9690 -0.1140
 528 -0.7079  0.6927 -0.1382
 529  0.5107 -0.5205 -0.6843
 530  0.2418 -0.1264  0.9620
 531  0.6746  0.1993  0.7107
 532  0.6756  0.4458 -0.5872
 533  0.5308  0.4896 -0.6918
 534 -0.5645  0.4357  0.7011
 535 -0.4331 -0.9004  0.0416
 536  0.5406  0.2925  0.7888
 537 -0.1849  0.6015 -0.7772
 538  0.8719  0.3849  0.3028
 539  0.9501 -0.1804 -0.2545
 540  0.6632 -0.3688  0.6512
 541 -0.4154 -0.8213  0.3910
 542  0.1906  0.5250 -0.8295
 543  0.9705  0.2006 -0.1335
 544  0.5543 -0.7194  0.4185
 545 -0.3922 -0.8569 -0.3345
 546  0.2622  0.8082 -0.5274
 547 -0.9020 -0.1652  0.3989
 548  0.2529 -0.3197  0.9131
 549  0.7316  0.6653  0.1485
 550 -0.0972 -0.9516 -0.2916
 551 -0.0785 -0.3892 -0.9178
 552 -0.7800 -0.0490 -0.6239
 553  0.4216 -0.8140  0.3996
 554  0.1570 -0.2311 -0.9602
 555 -0.3082  0.4285  0.8494
 556 -0.0637  0.2669 -0.9616
 557 -0.6942 -0.7055 -0.1424
 558  0.0580  0.7367  0.6737
 559  0.6075  0.6004 -0.5200
 560  0.1026 -0.9874  0.1205
 561  0.7901  0.0344  0.6121
 562  0.7871 -0.3723 -0.4918
 563  0.5178  0.7895  0.3294
 564 -0.1104 -0.4363  0.8930
 565 -0.8178  0.5448 -0.1856
 566  0.9328 -0.2702  0.2386
 567 -0.3013 -0.7851  0.5411
 568 -0.4101  0.5087 -0.7570
 569 -0.8872 -0.4171 -0.1970
 570 -0.9121 -0.2525 -0.3230
 571  0.5581 -0.5019  0.6608
 572 -0.2290  0.9314 -0.2830
 573  0.3417 -0.6260 -0.7010
 574 -0.2001 -0.2166 -0.9555
 575  0.4755 -0.8645 -0.1629
 576  0.5546 -0.2806  0.7834
 577  0.3486  0.8309  0.4337
 578 -0.0779 -0.9889 -0.1263
 579  0.2683 -0.4989  0.8241
 580  0.0404 -0.5480 -0.8355
 581 -0.0240 -0.9997  0.0049
 582  0.2838 -0.7957  0.5351
 583  0.3807 -0.8469 -0.3712
 584 -0.2441 -0.6695 -0.7015
 585 -0.8318 -0.2279 -0.5060
 586  0.6935 -0.0017  0.7204
 587 -0.4497  0.3283  0.8307
 588  0.5011  0.0585 -0.8634
 589 -0.4831  0.6422 -0.5952
 590  0.7691 -0.6348 -0.0748
 591 -0.0480  0.9830 -0.1771
 592 -0.5179 -0.1737 -0.8376
 593 -0.3687  0.7621 -0.5323
 594 -0.6339  0.7369  0.2347
 595 -0.2613 -0.9645 -0.0370
 596 -0.2864 -0.0385 -0.9573
 597 -0.4591 -0.0189 -0.8882
 598 -0.9546  0.1353  0.2655
 599 -0.5774 -0.3624  0.7316
 600  0.4088 -0.5753  0.7085
 601 -0.7196 -0.6562  0.2272
 602  0.4216  0.9060  0.0369
 603  0.0311  0.0362  0.9989
 604 -0.7190  0.5911  0.3657
 605 -0.9582 -0.2564 -0.1268
 606 -0.1264 -0.2487  0.9603
 607  0.5195 -0.6247 -0.5829
 608 -0.8958  0.0173 -0.4442
 609 -0.1519  0.4468 -0.8817
 610  0.7064  0.6942 -0.1382
 611  0.3053  0.5327  0.7893
 612  0.6909 -0.1891  0.6977
 613 -0.8471  0.3895 -0.3615
 614 -0.1278 -0.8699  0.4764
 615 -0.6299  0.5571  0.5411
 616  0.1493  0.8295  0.5382
 617  0.6250 -0.6514 -0.4302
 618 -0.5605 -0.7906  0.2465
 619  0.0853 -0.0641 -0.9943
 620  0.8966  0.3558 -0.2637
 621  0.0123  0.1011 -0.9948
 622 -0.7756  0.5367 -0.3323
 623  0.5630 -0.0928  0.8212
 624  0.1999 -0.8597 -0.4701
 625 -0.5995  0.3221 -0.7327
 626 -0.2248 -0.9694  0.0981
 627 -0.7079 -0.2335 -0.6666
 628  0.8388 -0.5061 -0.2008
 629 -0.9172 -0.3984 -0.0067
 630  0.9852 -0.1486 -0.0853
 631  0.0398 -0.1549  0.9871
 632 -0.9557 -0.2428  0.1666
 633 -0.3299 -0.5264 -0.7836
 634  0.8742 -0.3588 -0.3272
 635 -0.5913 -0.6099 -0.5275
 636 -0.6983  0.7149  0.0366
 637  0.4073 -0.0058  0.9133
 638 -0.2625 -0.3785 -0.8876
 639 -0.8136  0.5812 -0.0154
 640  0.3978  0.1803  0.8996
 641  0.4075 -0.1932  0.8925
 642  0.3865  0.6356  0.6683
 643  0.0632 -0.8275  0.5579
 644 -0.4377 -0.6460 -0.6254
 645 -0.7838 -0.5736 -0.2378
 646 -0.6423 -0.4618 -0.6117
 647 -0.0229 -0.2253 -0.9740
 648  0.8152  0.3129  0.4874
 649  0.7446 -0.3716  0.5545
 650  0.7835 -0.1669  0.5986
 651 -0.6957  0.1520 -0.7021
 652  0.4550  0.3507 -0.8185
 653 -0.3429  0.3558 -0.8694
 654  0.1479 -0.6845 -0.7139
 655  0.1200  0.6708 -0.7318
 656 -0.6787 -0.4560  0.5757
 657  0.8841 -0.4346  0.1717
 658  0.7321 -0.2619 -0.6289
 659 -0.0449 -0.6890 -0.7234
 660 -0.7287  0.3171 -0.6070
 661  0.8431 -0.3872  0.3732
 662 -0.0689  0.9330 -0.3531
 663  0.3893  0.8903  0.2361
 664 -0.2433  0.8584 -0.4516
 665 -0.8313  0.5254  0.1814
 666  0.0436 -0.5297  0.8471
 667  0.7950 -0.5963  0.1114
 668 -0.0601 -0.9782  0.1986
 669  0.1196  0.9631 -0.2412
 670  0.4202  0.7824 -0.4597
 671 -0.7627  0.1187  0.6357
 672  0.6850  0.6508 -0.3274
 673  0.1806  0.6361  0.7502
 674 -0.5831  0.5000 -0.6403
 675  0.7750 -0.0402 -0.6307
 676 -0.1042  0.9444  0.3119
 677 -0.9640 -0.0736 -0.2554
 678 -0.6010  0.2331  0.7645
 679  0.2212  0.2403  0.9452
 680  0.2215  0.0582 -0.9734
 681 -0.9869 -0.1125 -0.1154
 682 -0.4871  0.3568 -0.7971
 683 -0.0472  0.4046  0.9133
 684 -0.7120  0.4851 -0.5076
 685 -0.4073  0.7889  0.4602
 686 -0.1408 -0.0549  0.9885
 687 -0.4018  0.9032  0.1508
 688  0.3169  0.9325 -0.1733
 689  0.9333  0.1623 -0.3203
 690  0.0663  0.3565 -0.9319
 691 -0.7073 -0.5837  0.3987
 692  0.5108  0.1925 -0.8379
 693  0.9710  0.2314  0.0606
 694  0.0432 -0.6990  0.7138
 695 -0.1555  0.1403  0.9778
 696 -0.2997 -0.1539  0.9415
 697 -0.3299  0.6345 -0.6990
 698  0.3836  0.3600  0.8505
 699  0.0049  0.5772 -0.8166
 700  0.9303 -0.3373 -0.1444
 701  0.0457  0.9821  0.1828
 702  0.8137  0.5366  0.2234
 703 -0.3645  0.1390 -0.9208
 704 -0.2791 -0.8947  0.3486
 705  0.5550 -0.8008  0.2254
 706  0.2514  0.9594  0.1281
 707 -0.2076  0.9767  0.0534
 708  0.9100 -0.1538 -0.3849
 709 -0.7760 -0.4138  0.4760
 710 -0.9937 -0.1010  0.0480
 711 -0.5967 -0.3319 -0.7306
 712  0.3393  0.1962 -0.9200
 713  0.2873 -0.3868 -0.8763
 714 -0.6839  0.0187  0.7294
 715  0.2277 -0.5453 -0.8067
 716 -0.4975 -0.5005 -0.7085
 717  0.3544 -0.9247 -0.1391
 718 -0.9388  0.2957  0.1769
 719 -0.5725  0.7031  0.4217
 720 -0.7254  0.6475  0.2335
 721 -0.8749 -0.3266  0.3576
 722  0.4141 -0.3880  0.8234
 723 -0.9716 -0.0621  0.2282
 724 -0.4215 -0.8969 -0.1340
 725  0.1416 -0.9818 -0.1264
 726 -0.0119 -0.8945 -0.4470
 727  0.5791 -0.3212 -0.7493
 728  0.1082 -0.9406 -0.3218
 729  0.0986  0.9048 -0.4142
 730  0.1075 -0.3914 -0.9139
 731  0.8532  0.3021 -0.4252
 732  0.5534  0.8198  0.1475
 733  0.4534 -0.7489 -0.4833
 734 -0.5407 -0.7385  0.4029
 735 -0.0388  0.9991  0.0148
 736 -0.5443  0.8074 -0.2276
 737  0.3636  0.5223 -0.7714
 738 -0.2604 -0.6874  0.6780
 739 -0.8224 -0.5656 -0.0616
 740 -0.5067 -0.7432 -0.4369
 741  0.6745 -0.6190  0.4023
 742 -0.8130 -0.2240  0.5374
 743  0.8721 -0.0721  0.4839
 744 -0.2251 -0.8825 -0.4130
 745 -0.3909  0.9045 -0.1705
 746  0.4495  0.6487 -0.6141
 747 -0.7119 -0.2755  0.6460
 748  0.1451  0.2229 -0.9640
 749  0.8706  0.1387  0.4720
 750 -0.8184 -0.4929  0.2955
 751 -0.8850  0.1593  0.4374
 752  0.8789 -0.4766 -0.0163
 753  0.2340  0.0606  0.9703
 754 -0.6730  0.6819 -0.2866
 755 -0.1154 -0.6191  0.7768
 756 -0.2612 -0.5196  0.8135
 757  0.8608 -0.2520  0.4421
 758 -0.9906  0.1003  0.0932
 759  0.0198  0.8997  0.4360
 760  0.4246 -0.4573 -0.7814
 761  0.4451 -0.6817  0.5807
 762  0.2840  0.6731 -0.6829
 763 -0.4201 -0.4534  0.7861
 764  0.6287 -0.7678 -0.1237
 765 -0.7209 -0.5604 -0.4077
 766  0.6068  0.6659  0.4339
 767 -0.8289 -0.4108 -0.3798
 768  0.9882 -0.1157  0.1002
 769  0.6013 -0.7961  0.0685
 770 -0.3429 -0.9192 -0.1938
 771  0.5303  0.7063  0.4690
 772 -0.7284  0.0781  0.6807
 773  0.9426  0.1396  0.3035
 774 -0.0992  0.2267  0.9689
 775 -0.1217  0.0504  0.9913
 776 -0.4051  0.3990  0.8226
 777 -0.8352 -0.1394  0.5320
 778  0.2838  0.9314  0.2278
 779  0.1235 -0.7590  0.6393
 780 -0.8474 -0.4434 -0.2921
 781 -0.7681  0.3631 -0.5274
 782 -0.6409  0.0504  0.7659
 783 -0.2935 -0.8406 -0.4553
 784  0.0795 -0.2002 -0.9765
 785 -0.0982 -0.3276  0.9397
 786 -0.9974 -0.0423 -0.0591
 787  0.1585  0.1269 -0.9792
 788 -0.4905 -0.5852  0.6457
 789 -0.6618 -0.7470 -0.0633
 790  0.0409  0.0047 -0.9992
 791  0.8217 -0.5695  0.0201
 792  0.6763 -0.2932  0.6757
 793  0.6666 -0.0977  0.7390
 794 -0.0546 -0.6647  0.7451
 795 -0.8566 -0.3932  0.3341
 796  0.3757 -0.4980  0.7816
 797  0.6974 -0.5623  0.4444
 798 -0.8885  0.4570 -0.0424
 799  0.9968  0.0769  0.0235
 800 -0.0864 -0.8357  0.5424
 801 -0.2584 -0.9339  0.2472
 802  0.0569 -0.9411  0.3333
 803 -0.9326 -0.1380 -0.3334
 804  0.3692  0.6703 -0.6437
 805 -0.8796  0.3650  0.3050
 806 -0.0556 -0.9964 -0.0634
 807  0.9725  0.2275 -0.0493
 808 -0.9583  0.2786  0.0636
 809  0.8906  0.0457  0.4524
 810  0.3962  0.7706  0.4992
 811 -0.5255 -0.6293 -0.5726
 812 -0.7757 -0.4358 -0.4566
 813  0.4366 -0.6894 -0.5780
 814 -0.4301 -0.8545  0.2913
 815  0.7525 -0.6160 -0.2329
 816  0.2144 -0.0529  0.9753
 817 -0.1007  0.4767  0.8733
 818  0.6225  0.3176  0.7153
 819  0.5057 -0.2046  0.8381
 820 -0.6857  0.6160 -0.3878
 821 -0.6490 -0.6917  0.3168
 822  0.8831 -0.1587  0.4415
 823 -0.2456  0.1130  0.9627
 824  0.6911  0.5788 -0.4329
 825 -0.7010  0.6769 -0.2247
 826 -0.9528  0.0465 -0.2999
 827 -0.0719  0.5880 -0.8057
 828  0.8677  0.3472 -0.3557
 829 -0.9305 -0.2844 -0.2308
 830 -0.0010  0.8296 -0.5583
 831  0.8476  0.5281  0.0521
 832  0.2139  0.7317 -0.6472
 833  0.7986  0.5860  0.1376
 834  0.2358 -0.9342  0.2677
 835 -0.2558 -0.2587  0.9315
 836  0.8230  0.3930  0.4101
 837  0.9383 -0.2132  0.2723
 838  0.8200  0.4717 -0.3242
 839 -0.2986  0.4361 -0.8489
 840 -0.1509  0.9407 -0.3037
 841 -0.7716  0.5008  0.3922
 842  0.6843 -0.1636 -0.7106
 843 -0.6833  0.0830 -0.7254
 844 -0.8506 -0.1399 -0.5068
 845 -0.3294 -0.6281 -0.7050
 846 -0.0253 -0.0461 -0.9986
 847  0.3214  0.7760  0.5427
 848  0.2470 -0.0643 -0.9669
 849  0.7512  0.6585 -0.0468
 850  0.0743  0.8637 -0.4984
 851 -0.7760  0.6122  0.1514
 852 -0.6438  0.7518  0.1424
 853  0.0167 -0.9307 -0.3655
 854 -0.9010 -0.4154 -0.1250
 855 -0.1345  0.9847 -0.1111
 856  0.5362  0.6429 -0.5469
 857 -0.3330  0.8002  0.4988
 858 -0.7448 -0.5827 -0.3251
 859 -0.9938  0.0069  0.1107
 860  0.6119 -0.6704  0.4198
 861 -0.1595  0.9179  0.3634
 862 -0.0173 -0.7777 -0.6284
 863 -0.5750 -0.2859  0.7666
 864  0.4105 -0.8016 -0.4347
 865 -0.4661 -0.8055 -0.3659
 866 -0.5575  0.8147 -0.1596
 867  0.3394  0.0362  0.9399
 868 -0.9922  0.1244 -0.0050
 869  0.4414  0.8499  0.2877
 870 -0.2535  0.8953  0.3663
 871 -0.8863  0.2006 -0.4174
 872 -0.7909 -0.5723  0.2166
 873  0.0980 -0.0753  0.9923
 874 -0.3964  0.6717  0.6259
 875 -0.3466  0.4946 -0.7970
 876  0.4324 -0.9011  0.0324
 877 -0.7026  0.6428  0.3053
 878 -0.6700 -0.3558  0.6515
 879  0.6163 -0.7513 -0.2363
 880  0.7241  0.3716  0.5810
 881  0.7460  0.0224  0.6656
 882  0.6017  0.7894 -0.1214
 883  0.4499  0.0091 -0.8930
 884 -0.5047 -0.8628  0.0293
 885 -0.7959 -0.5871 -0.1481
 886 -0.2702 -0.7501  0.6037
 887  0.4111 -0.7853  0.4630
 888 -0.0120  0.6807  0.7324
 889  0.5996 -0.5459  0.5851
 890  0.7550 -0.6385 -0.1494
 891  0.2008 -0.9788 -0.0397
 892 -0.6244 -0.5406  0.5638
 893 -0.3450 -0.8959 -0.2800
 894  0.1005 -0.9726 -0.2095
 895  0.8493 -0.3334  0.4093
 896 -0.5625  0.7487  0.3508
 897 -0.0255  0.1734 -0.9845
 898  0.1151 -0.2553  0.9600
 899  0.9490 -0.0310  0.3139
 900  0.9050  0.4254  0.0087
 901  0.3782 -0.9226 -0.0763
 902  0.8951 -0.4311 -0.1137
 903 -0.6156 -0.3982 -0.6801
 904  0.9160 -0.1841  0.3565
 905  0.7533  0.4201 -0.5061
 906  0.6528  0.7394 -0.1648
 907 -0.9863 -0.0657  0.1512
 908 -0.2815  0.2251 -0.9328
 909 -0.0788  0.5610  0.8240
 910  0.9951 -0.0976 -0.0163
 911 -0.1023  0.8938 -0.4367
 912 -0.2274 -0.0940  0.9693
 913  0.8266 -0.0558 -0.5600
 914  0.5191  0.2023  0.8304
 915  0.4577  0.5312 -0.7130
 916  0.9739 -0.1162 -0.1950
 917 -0.6334  0.6321  0.4464
 918 -0.6805  0.4195  0.6008
 919 -0.4890 -0.5805 -0.6510
 920  0.3265  0.9443  0.0415
 921 -0.9309  0.2445 -0.2713
 922  0.2104 -0.8639  0.4575
 923 -0.3044  0.8751 -0.3763
 924 -0.2542  0.3842  0.8876
 925  0.0502  0.4337  0.8997
 926 -0.9292  0.3566  0.0969
 927  0.1965  0.3324  0.9224
 928  0.7525 -0.4572 -0.4741
 929 -0.4445 -0.1424 -0.8844
 930 -0.2908  0.9401 -0.1777
 931  0.6983 -0.3458 -0.6267
 932 -0.2152 -0.7243 -0.6551
 933  0.3845  0.7435 -0.5471
 934 -0.9502 -0.1713  0.2605
 935 -0.2439 -0.9566  0.1598
 936  0.3904  0.8500  0.3536
 937  0.9803 -0.0920  0.1747
 938 -0.5456  0.0413 -0.8370
 939  0.0608  0.9401  0.3355
 940  0.6590  0.1102  0.7440
 941 -0.0543 -0.9229  0.3811
 942  0.5574  0.3517 -0.7521
 943 -0.5062 -0.8488 -0.1529
 944  0.6614  0.6984  0.2734
 945  0.0895  0.9823 -0.1647
 946  0.4866 -0.0292  0.8731
 947 -0.9380 -0.3072  0.1605
 948  0.4748 -0.3409 -0.8114
 949 -0.4096 -0.9063  0.1038
 950 -0.2117 -0.6054  0.7673
 951 -0.3803 -0.5980  0.7055
 952 -0.7485  0.6627  0.0236
 953  0.6296  0.5734  0.5242
 954 -0.4557  0.8887 -0.0509
 955 -0.3627 -0.5130  0.7780
 956  0.2004 -0.4589  0.8656
 957 -0.8798 -0.3998  0.2572
 958 -0.2542  0.1524 -0.9551
 959 -0.7050 -0.1457 -0.6941
 960 -0.6030  0.2263 -0.7650
 961  0.9471  0.3164 -0.0539
 962 -0.6524  0.7527 -0.0888
 963  0.2471 -0.8124 -0.5281
 964 -0.3806  0.5755  0.7239
 965 -0.4020 -0.7446  0.5328
 966 -0.4818  0.7289  0.4864
 967 -0.5576 -0.0935  0.8248
 968  0.2466  0.5760  0.7794
 969 -0.1732 -0.9299 -0.3245
 970  0.6267 -0.5485 -0.5535
 971  0.1765  0.4321 -0.8844
 972  0.6100  0.4833 -0.6280
 973  0.8593  0.1247 -0.4960
 974  0.5416 -0.1473 -0.8276
 975 -0.3948 -0.5035 -0.7685
 976  0.2759  0.8411 -0.4652
 977 -0.3451 -0.3282 -0.8793
 978  0.0956  0.8733  0.4777
 979 -0.1639 -0.5949 -0.7869
 980 -0.0692  0.9639 -0.2571
 981 -0.6608 -0.2875 -0.6933
 982  0.5546  0.0101  0.8321
 983  0.2072  0.7855  0.5831
 984  0.3133  0.1146 -0.9427
 985 -0.8182  0.3388  0.4645
 986 -0.2027 -0.9298  0.3073
 987  0.0594  0.7868  0.6144
 988 -0.2612  0.6757 -0.6893
 989  0.1163  0.5880 -0.8005
 990  0.2528  0.9306 -0.2647
 991 -0.6104 -0.7497 -0.2557
 992 -0.5176 -0.6772  0.5230
 993 -0.6156  0.7848  0.0716
 994 -0.5331  0.3656  0.7630
 995  0.7935 -0.2863  0.5371
 996 -0.3554 -0.8620  0.3615
 997 -0.2233 -0.9746  0.0152
 998  0.3198 -0.8234 -0.4688
 999 -0.6238  0.4050  0.6685
1000 -0.1275  0.3502  0.9280
1001 -0.7736 -0.2899 -0.5635
1002  0.9330  0.2746 -0.2326
1003  0.1241  0.5748  0.8088
1004 -0.3149  0.9281  0.1989
1005  0.6883 -0.7243 -0.0403
1006  0.2519 -0.3873  0.8869
1007 -0.5353 -0.2709 -0.8001
1008  0.1246  0.9908  0.0537
1009 -0.8201 -0.5705  0.0444
1010  0.9886 -0.0083  0.1501
1011 -0.0711 -0.1677  0.9833
1012 -0.0475  0.0062  0.9989
1013 -0.0452 -0.7256  0.6867
1014 -0.7378  0.0264 -0.6746
1015 -0.1908 -0.7486  0.6349
1016  0.1936  0.1752  0.9653
1017 -0.2955 -0.0452  0.9543
1018  0.9700  0.1102  0.2168
1019  0.6051  0.7168 -0.3465
1020 -0.1245  0.7624 -0.6351
1021  0.7449  0.6218 -0.2418
1022  0.3542 -0.6490  0.6733
1023 -0.1617 -0.3561 -0.9204
1024 -0.7458  0.2867  0.6013
1025 -0.0485  0.9970 -0.0607
1026  0.9607 -0.2547  0.1105
1027  0.4866  0.8733 -0.0239
1028  0.9443  0.2601  0.2015
1029  0.9856  0.0277 -0.1670
1030 -0.6564 -0.5489 -0.5176
1031  0.2303 -0.2317  0.9451
1032  0.5753 -0.6217 -0.5315
1033  0.8272 -0.5262  0.1972
1034 -0.4147  0.2241  0.8819
1035 -0.3216 -0.9343  0.1537
1036 -0.9163  0.3118  0.2516
1037  0.2366 -0.7761  0.5845
1038  0.9221 -0.0339 -0.3854
1039 -0.7961 -0.1204 -0.5930
1040  0.3893 -0.7453  0.5413
1041 -0.7377 -0.6511 -0.1789
1042 -0.1438  0.7575  0.6369
1043  0.2041  0.8701  0.4486
1044  0.8674  0.2287  0.4419
1045  0.5845  0.7792  0.2265
1046 -0.1762  0.8531 -0.4910
1047 -0.2291 -0.4371  0.8698
1048 -0.3026  0.1781  0.9363
1049 -0.9594 -0.2804 -0.0296
1050  0.9213 -0.2960 -0.2521
1051  0.5095  0.8137 -0.2798
1052 -0.4377  0.8617 -0.2566
1053 -0.0351  0.9340  0.3555
1054  0.1343  0.9803  0.1450
1055  0.2498  0.1247  0.9602
1056 -0.5485  0.6471 -0.5295
1057  0.8649  0.4453  0.2315
1058 -0.8382  0.0497 -0.5431
1059 -0.2303 -0.8554  0.4640
1060 -0.7940  0.6052  0.0572
1061  0.1225  0.1034  0.9871
1062 -0.8040  0.5076  0.3097
1063 -0.1872 -0.0147 -0.9822
1064 -0.0288 -0.3750  0.9266
1065 -0.5677  0.7513 -0.3365
1066  0.8104 -0.5626 -0.1635
1067  0.0768 -0.6626 -0.7450
1068  0.5321 -0.4320  0.7282
1069 -0.7716 -0.6359  0.0127
1070  0.8029  0.3054 -0.5120
1071 -0.0931  0.6585 -0.7468
1072 -0.0624  0.8607  0.5054
1073 -0.4374  0.2681 -0.8583
1074 -0.6741 -0.6408 -0.3673
1075  0.0270 -0.6050 -0.7958
1076 -0.8739  0.4661  0.1378
1077  0.4051  0.8968 -0.1781
1078 -0.7871  0.6002 -0.1420
1079 -0.7318 -0.4221  0.5351
1080 -0.4756  0.8650  0.1599
1081  0.5347 -0.6477  0.5428
1082 -0.4120  0.6485 -0.6400
1083 -0.6588  0.4939  0.5675
1084  0.3155  0.6758  0.6661
1085  0.3734  0.3979 -0.8380
1086  0.5647 -0.8123  0.1460
1087 -0.6454  0.4901 -0.5859
1088 -0.0887 -0.9935  0.0707
1089 -0.5666 -0.4711 -0.6761
1090 -0.7601 -0.5076  0.4058
1091 -0.3178  0.2626  0.9111
1092 -0.1053  0.1642 -0.9808
1093 -0.4425 -0.4285 -0.7878
1094 -0.2199  0.5075 -0.8331
1095 -0.9759 -0.2123  0.0499
1096 -0.1219 -0.6645 -0.7373
1097  0.1893  0.9780 -0.0879
1098 -0.5733 -0.8182  0.0423
1099  0.0691  0.3091  0.9485
1100  0.3615  0.2785  0.8898
1101  0.0410  0.1424  0.9890
1102 -0.9784  0.0761 -0.1924
1103 -0.0040 -0.8322  0.5545
1104 -0.4084 -0.7209 -0.5599
1105  0.1064 -0.4425  0.8905
1106  0.4183 -0.5311 -0.7368
1107 -0.9768  0.1211  0.1767
1108 -0.6872 -0.7130  0.1391
1109  0.8557  0.4973 -0.1430
1110 -0.7127 -0.1358  0.6882
1111 -0.3176  0.7032  0.6361
1112  0.8160 -0.0705  0.5737
1113  0.3441 -0.6916 -0.6351
1114 -0.3849  0.0586 -0.9211
1115 -0.2438  0.8239  0.5117
1116 -0.9088 -0.2278  0.3495
1117 -0.8948 -0.4370  0.0911
1118  0.4676  0.3980  0.7893
1119  0.1078 -0.6180  0.7788
1120 -0.5556  0.7849  0.2742
1121  0.6176 -0.2752  0.7367
1122 -0.5295  0.5732  0.6254
1123  0.9374  0.3223  0.1323
1124 -0.6909  0.1900  0.6975
1125  0.8355 -0.4553 -0.3078
1126  0.2869  0.5630 -0.7750
1127  0.4555  0.8841 -0.1046
1128  0.6819  0.7065  0.1895
1129  0.3895  0.0636 -0.9188
1130  0.3919 -0.9115  0.1245
1131  0.6097 -0.4053 -0.6812
1132  0.2440 -0.6080 -0.7555
1133  0.9508  0.1807 -0.2516
1134  0.0820  0.9380 -0.3367
1135 -0.9555  0.1982  0.2186
1136  0.2080  0.8804 -0.4263
1137 -0.4260  0.0173  0.9045
1138 -0.3681  0.4764  0.7984
1139 -0.0539 -0.5360  0.8425
1140  0.4146 -0.8591  0.3001
1141 -0.3562 -0.0212 -0.9342
1142 -0.4991 -0.8376  0.2221
1143  0.8615 -0.2472 -0.4436
1144  0.4028  0.1027  0.9095
1145 -0.5516  0.1246  0.8247
1146  0.1018  0.2872 -0.9524
1147 -0.7144  0.4858  0.5037
1148  0.6422 -0.6004 -0.4764
1149 -0.5512  0.2840  0.7845
1150  0.5455  0.7397  0.3941
1151 -0.5110 -0.2598  0.8194
1152 -0.8748 -0.4783 -0.0763
1153 -0.3627  0.8487  0.3848
1154 -0.5175  0.5042 -0.6914
1155  0.4974  0.8595  0.1172
1156  0.9882  0.1474  0.0423
1157  0.6585  0.6482  0.3823
1158  0.2158 -0.7343 -0.6436
1159 -0.0785  0.4472 -0.8910
1160 -0.4365  0.1848 -0.8805
1161  0.3553 -0.8689  0.3447
1162 -0.2230 -0.9660 -0.1311
1163  0.2338 -0.9692  0.0770
1164  0.6165  0.5343 -0.5783
1165 -0.3740  0.2892  0.8812
1166 -0.6947 -0.3941  0.6018
1167  0.8532 -0.0144 -0.5214
1168 -0.5186 -0.7984 -0.3059
1169  0.2581 -0.0034  0.9661
1170 -0.9788  0.1380 -0.1515
1171 -0.2832  0.9285 -0.2402
1172  0.7119  0.2753 -0.6460
1173  0.5235 -0.8501 -0.0581
1174  0.5510 -0.7677  0.3273
1175  0.4135  0.2203 -0.8835
1176 -0.1994 -0.6565  0.7275
1177 -0.8085 -0.5162 -0.2828
1178  0.6668  0.3444 -0.6609
1179 -0.6986  0.2777  0.6594
1180 -0.3623 -0.1870  0.9131
1181  0.4290  0.7457 -0.5098
1182 -0.9712 -0.1181 -0.2067
1183 -0.6284 -0.3412  0.6990
1184 -0.2161 -0.3033 -0.9281
1185  0.9993 -0.0311 -0.0224
1186  0.8879  0.0841 -0.4524
1187 -0.1492 -0.9847 -0.0899
1188 -0.9836  0.1773  0.0344
1189 -0.8858  0.0539  0.4609
1190 -0.3030 -0.5463  0.7808
1191  0.9024 -0.0198  0.4304
1192 -0.6881 -0.7256 -0.0025
1193  0.8389  0.4143 -0.3529
1194 -0.4474 -0.7515 -0.4849
1195  0.1237  0.6885  0.7146
1196  0.6777 -0.7245  0.1261
1197  0.9275 -0.3671  0.0704
1198  0.0750  0.6416 -0.7634
1199 -0.5625  0.2843 -0.7764
1200 -0.0186 -0.9050  0.4250
1201  0.9002  0.1971 -0.3882
1202 -0.6444  0.1724 -0.7450
1203 -0.8942 -0.4469  0.0280
1204 -0.5426 -0.4580  0.7041
1205  0.0405 -0.8600 -0.5087
1206 -0.2584 -0.8758  0.4076
1207  0.4222  0.9060 -0.0289
1208  0.4699 -0.8386 -0.2758
1209  0.0131  0.3654  0.9308
1210 -0.9002  0.2194  0.3762
1211  0.5968 -0.2098 -0.7745
1212  0.4302  0.8893  0.1550
1213  0.3007  0.4470  0.8424
1214 -0.0148  0.0311 -0.9994
1215  0.2735  0.6256 -0.7306
1216  0.7050  0.6762 -0.2136
1217  0.0966  0.4283 -0.8985
1218  0.3678 -0.4417  0.8183
1219 -0.3592  0.2004  0.9115
1220  0.7133 -0.4997 -0.4915
1221 -0.2196  0.9595 -0.1763
1222  0.4747  0.1657  0.8644
1223 -0.9119 -0.0395 -0.4085
1224 -0.6532 -0.6080  0.4514
1225 -0.2735 -0.7906 -0.5478
1226  0.2675  0.9611  0.0680
1227 -0.4083 -0.0061 -0.9128
1228 -0.8558  0.5170 -0.0182
1229 -0.5130  0.0985 -0.8527
1230 -0.0922 -0.7756 -0.6245
1231 -0.9944 -0.1031 -0.0248
1232  0.1431  0.8819 -0.4491
1233  0.2663  0.9550 -0.1307
1234 -0.1349  0.0067 -0.9908
1235 -0.0197  0.9916  0.1277
1236 -0.2227  0.6040  0.7652
1237  0.7714  0.5660  0.2909
1238  0.3503 -0.4412 -0.8262
1239 -0.2832  0.7794 -0.5589
1240  0.5696  0.6080  0.5531
1241 -0.1391  0.9639  0.2270
1242 -0.2462 -0.8158  0.5233
1243 -0.1157 -0.9044  0.4108
1244 -0.3475 -0.6618  0.6643
1245 -0.1073 -0.1509 -0.9827
1246 -0.8536 -0.4674 -0.2300
1247  0.6149 -0.3477 -0.7078
1248  0.8529 -0.4687  0.2300
1249  0.8920 -0.3555  0.2791
1250  0.7891  0.2815  0.5460
1251  0.8040  0.5898  0.0753
1252  0.5618  0.7625 -0.3209
1253  0.1730 -0.2133  0.9616
1254  0.0497  0.7388 -0.6721
1255 -0.1377  0.8558  0.4986
1256 -0.8408  0.0092  0.5413
1257 -0.5481 -0.2030  0.8114
1258  0.9013  0.3953 -0.1770
1259 -0.1012 -0.4656 -0.8792
1260  0.6389 -0.3403  0.6899
1261 -0.7601  0.5505  0.3453
1262 -0.8158 -0.1819 -0.5490
1263 -0.4529  0.2670  0.8506
1264 -0.3108  0.1066  0.9445
1265 -0.1510  0.9876  0.0432
1266  0.2609 -0.9458 -0.1932
1267 -0.9584  0.2596 -0.1186
1268  0.3548  0.5712 -0.7402
1269  0.4815  0.7671 -0.4238
1270 -0.7402  0.2256 -0.6334
1271 -0.5439 -0.8337 -0.0953
1272  0.2248  0.9292  0.2932
1273 -0.3490 -0.3477  0.8702
1274  0.3662  0.8691 -0.3326
1275  0.9789 -0.1852  0.0867
1276 -0.4687 -0.7755  0.4229
1277 -0.5503  0.0600  0.8328
1278  0.0400 -0.9804  0.1931
1279  0.7443 -0.1916  0.6398
1280 -0.4308  0.8119  0.3940
1281  0.8375  0.4167  0.3536
1282 -0.4877 -0.0909 -0.8682
1283  0.6935 -0.0717 -0.7169
1284  0.1336 -0.9560 -0.2613
1285  0.0390  0.5680  0.8221
1286 -0.8734  0.3877 -0.2947
1287 -0.6232  0.4560  0.6354
1288  0.9614  0.2751  0.0022
1289 -0.0380 -0.5235 -0.8512
1290  0.4846 -0.6810 -0.5491
1291 -0.2441  0.6191 -0.7464
1292  0.5698 -0.6708  0.4747
1293  0.7234 -0.6137  0.3164
1294 -0.3406  0.9061  0.2511
1295  0.9050 -0.4253  0.0093
1296  0.8392 -0.3318 -0.4307
1297 -0.7003 -0.6386  0.3189
1298  0.2691 -0.4693 -0.8410
1299  0.0476 -0.4120  0.9100
1300  0.7236  0.1245 -0.6789
1301 -0.9607 -0.2742  0.0440
1302  0.8873  0.4474 -0.1120
1303 -0.5492  0.3710 -0.7489
1304 -0.5823 -0.1681 -0.7954
1305  0.7810  0.5889 -0.2077
1306 -0.8213 -0.3609  0.4419
1307 -0.8015  0.5367 -0.2639
1308 -0.0160 -0.7303 -0.6829
1309  0.9002  0.2939  0.3215
1310  0.2397 -0.5671  0.7880
1311 -0.4730  0.8580 -0.2002
1312 -0.5019 -0.3425 -0.7942
1313  0.3216  0.7798 -0.5371
1314 -0.0173  0.7776  0.6286
1315 -0.2991  0.8173 -0.4925
1316 -0.5655  0.1833  0.8041
1317  0.5507  0.4817  0.6816
1318  0.2233 -0.8298  0.5115
1319  0.0412 -0.2261  0.9732
1320 -0.1670  0.3457 -0.9234
1321 -0.2778  0.5022 -0.8189
1322 -0.0157  0.0690  0.9975
1323 -0.1110  0.7130 -0.6924
1324 -0.9297  0.1443  0.3389
1325 -0.9404  0.3308 -0.0792
1326 -0.8064  0.1545  0.5708
1327 -0.5892 -0.6999 -0.4036
1328  0.8358 -0.1187  0.5361
1329 -0.9098 -0.0847  0.4063
1330  0.9520 -0.2486  0.1784
1331  0.5665 -0.8158 -0.1162
1332 -0.4462  0.8086 -0.3835
1333  0.3995 -0.2579  0.8797
1334  0.6810 -0.6465 -0.3440
1335 -0.4868 -0.4388  0.7553
1336 -0.4338  0.7727 -0.4635
1337  0.7388  0.2977  0.6046
1338 -0.8084 -0.3027  0.5048
1339 -0.8446  0.3215 -0.4280
1340 -0.6984  0.7131 -0.0603
1341  0.9428  0.0199 -0.3327
1342 -0.1106  0.8100 -0.5759
1343 -0.1134 -0.8711 -0.4778
1344 -0.3821 -0.6425 -0.6643
1345  0.2288  0.6843  0.6924
1346  0.5396 -0.3505  0.7655
1347  0.2003 -0.9050 -0.3753
1348  0.5445 -0.5785  0.6074
1349 -0.1839 -0.9482 -0.2589
1350  0.6131 -0.7449  0.2631
1351 -0.6613  0.3657 -0.6549
1352  0.4454  0.6729  0.5905
1353  0.1074 -0.8545  0.5082
1354  0.5990  0.1910 -0.7776
1355 -0.2480  0.9026 -0.3519
1356  0.3404 -0.2644 -0.9023
1357  0.4120  0.4084  0.8146
1358  0.4555  0.8146  0.3591
1359  0.7982  0.3646 -0.4796
1360  0.4250 -0.7520  0.5038
1361 -0.0039 -0.9828 -0.1847
1362  0.0417 -0.3943 -0.9180
1363 -0.4272  0.7055 -0.5655
1364  0.7093  0.4521 -0.5408
1365  0.7249 -0.5850 -0.3637
1366  0.2866 -0.6826  0.6722
1367  0.7269 -0.6616  0.1840
1368 -0.8655 -0.2971 -0.4033
1369 -0.2837  0.3323 -0.8995
1370  0.7678  0.0414 -0.6394
1371 -0.7907 -0.6104 -0.0467
1372  0.4835  0.5754 -0.6597
1373  0.6923  0.0676  0.7184
1374  0.9731 -0.0574 -0.2230
1375  0.1134 -0.8903  0.4411
1376 -0.4776  0.4505 -0.7543
1377  0.8796  0.4701  0.0728
1378 -0.1896 -0.2785  0.9415
1379  0.7862  0.6151 -0.0597
1380 -0.0963  0.3291 -0.9394
1381 -0.5829 -0.7466  0.3207
1382 -0.8448  0.1920  0.4995
1383  0.9691 -0.2314 -0.0854
1384  0.3119  0.2354  0.9205
1385 -0.9522  0.0070  0.3055
1386 -0.3382  0.7385  0.5833
1387  0.1253  0.7879  0.6029
1388 -0.4638  0.7013  0.5414
1389 -0.4982 -0.8413 -0.2096
1390  0.3123  0.4070 -0.8584
1391  0.7979 -0.4660  0.3824
1392  0.9490 -0.3070 -0.0715
1393 -0.0399  0.2456  0.9685
1394 -0.5387  0.5707 -0.6198
1395  0.6203 -0.4558  0.6384
1396  0.1681  0.4615  0.8711
1397  0.5660 -0.7042 -0.4286
1398 -0.4232  0.8491  0.3161
1399  0.9237  0.3262 -0.2009
1400  0.3020  0.9224 -0.2409
1401 -0.9385 -0.3421 -0.0461
1402  0.5763  0.7663  0.2840
1403  0.4714  0.6149  0.6323
1404 -0.6632 -0.0585 -0.7461
1405 -0.7765  0.5937  0.2111
1406  0.8044 -0.5108 -0.3033
1407 -0.8806  0.4331 -0.1923
1408 -0.4401 -0.8699  0.2228
1409  0.0960  0.1422 -0.9852
1410  0.8248  0.5547 -0.1096
1411 -0.9426 -0.2324  0.2396
1412 -0.5488  0.8359 -0.0068
1413  0.4172  0.8293 -0.3717
1414 -0.0916 -0.2252 -0.9700
1415  0.0285  0.9770 -0.2115
1416  0.9867  0.1273 -0.1015
1417  0.1747 -0.9757  0.1324
1418  0.1567 -0.4013  0.9024
1419  0.0655  0.5538 -0.8301
1420  0.0414 -0.9473 -0.3176
1421  0.3707 -0.5540  0.7454
1422 -0.8267 -0.5265  0.1984
1423  0.6171 -0.0707  0.7837
1424  0.9840  0.1388  0.1116
1425 -0.6934  0.1202  0.7104
1426 -0.4938  0.8434  0.2116
1427  0.3702 -0.1137  0.9220
1428  0.6336  0.0379 -0.7727
1429 -0.1236  0.1034 -0.9869
1430 -0.7104 -0.0613  0.7011
1431  0.6492  0.6970 -0.3045
1432 -0.6500  0.2565  0.7153
1433  0.0755 -0.9970 -0.0153
1434  0.6724  0.4348  0.5990
1435  0.7356  0.5538 -0.3902
1436  0.8063  0.1230  0.5786
1437  0.9842  0.0853 -0.1552
1438 -0.7557  0.4303 -0.4937
1439 -0.5880 -0.2762 -0.7602
1440 -0.4699  0.3826  0.7955
1441 -0.4511 -0.4829 -0.7506
1442 -0.7925  0.1789 -0.5830
1443 -0.8946 -0.3475  0.2809
1444 -0.5351 -0.5324 -0.6559
1445 -0.1243  0.7924  0.5972
1446  0.9250 -0.1911 -0.3285
1447  0.4680  0.2671 -0.8424
1448  0.7478  0.5513  0.3701
1449  0.3460 -0.8839 -0.3146
1450  0.3543 -0.1047 -0.9292
1451  0.4916 -0.6888  0.5328
1452  0.6340  0.6161 -0.4673
1453 -0.4852  0.8744 -0.0003
1454 -0.3964 -0.8968 -0.1967
1455 -0.6652 -0.7143 -0.2176
1456  0.2701  0.2663 -0.9253
1457  0.1443  0.2851  0.9476
1458 -0.0848  0.9933  0.0788
1459  0.8722  0.1823 -0.4539
1460  0.1982  0.8412  0.5032
1461 -0.5594  0.6977 -0.4475
1462 -0.2595  0.9331  0.2491
1463 -0.3870  0.5772 -0.7191
1464  0.7380  0.4727  0.4816
1465  0.9554  0.1644  0.2452
1466 -0.4111 -0.3757  0.8306
1467 -0.7688 -0.0984  0.6319
1468 -0.6821  0.7041  0.1975
1469  0.8219 -0.5521  0.1403
1470  0.2778 -0.8652  0.4174
1471 -0.1871 -0.6405 -0.7448
1472  0.1242 -0.8534 -0.5062
1473 -0.9699  0.0048 -0.2435
1474 -0.0082 -0.3258 -0.9454
1475  0.7354 -0.6693  0.1059
1476  0.8937 -0.4391  0.0922
1477 -0.4444 -0.8413 -0.3078
1478  0.9002  0.2070  0.3832
1479 -0.5781 -0.5502  0.6025
1480 -0.4175  0.3364 -0.8441
1481  0.6121  0.2601  0.7468
1482  0.6388  0.6091  0.4700
1483 -0.9535  0.2730  0.1274
1484 -0.9694 -0.1259  0.2108
1485 -0.7898  0.4723 -0.3914
1486  0.4795 -0.4118  0.7750
1487 -0.5653  0.6040  0.5618
1488 -0.8385  0.3633  0.4061
1489 -0.4303 -0.1602  0.8884
1490  0.3372 -0.9224  0.1882
1491 -0.6429  0.6494 -0.4062
1492  0.2605 -0.9655 -0.0037
1493 -0.5696 -0.6675 -0.4796
1494  0.7533 -0.4472  0.4822
1495  0.7617 -0.3024 -0.5730
1496 -0.2777  0.7288 -0.6259
1497 -0.7649 -0.2603  0.5893
1498 -0.5881 -0.0173 -0.8086
1499 -0.3600 -0.9325 -0.0281
1500  0.8958  0.4045  0.1843
1501 -0.2954 -0.6866 -0.6643
1502 -0.2773 -0.1650 -0.9465
1503  0.8456 -0.1154 -0.5212
1504 -0.3691  0.0006  0.9294
1505  0.1956 -0.3444 -0.9182
1506  0.1363 -0.7525 -0.6443
1507  0.9588  0.2531  0.1290
1508 -0.0438  0.9761  0.2127
1509  0.1312 -0.5032 -0.8541
1510 -0.8158  0.5635  0.1303
1511 -0.3890 -0.2725 -0.8800
1512 -0.4982  0.5207  0.6934
1513  0.5722 -0.7375 -0.3587
1514 -0.9685 -0.1925 -0.1581
1515  0.0180  0.2989 -0.9541
1516  0.8952 -0.3602 -0.2626
1517 -0.8787 -0.2709  0.3931
1518  0.4715 -0.3424  0.8127
1519  0.6506 -0.2156  0.7282
1520  0.2264 -0.6579  0.7183
1521  0.1756  0.7889 -0.5889
1522  0.4762 -0.4802 -0.7366
1523  0.1596  0.9872 -0.0011
1524 -0.6102  0.7318  0.3035
1525  0.2592 -0.4516  0.8538
1526  0.3411 -0.3107  0.8872
1527  0.0634  0.9168  0.3942
1528  0.7835 -0.6212 -0.0148
1529  0.8622  0.4173 -0.2872
1530 -0.6702  0.5506 -0.4977
1531 -0.3391 -0.8133 -0.4729
1532 -0.6683 -0.1878  0.7198
1533 -0.1726  0.0831  0.9815
1534  0.6985  0.7154 -0.0173
1535  0.4160 -0.8914 -0.1802
1536  0.5005 -0.7556 -0.4225
1537 -0.8623 -0.4928  0.1165
1538  0.6451 -0.4369 -0.6269
1539  0.6745 -0.6692  0.3118
1540 -0.3906  0.9152 -0.0987
1541 -0.6086  0.7821 -0.1339
1542 -0.0911 -0.8463 -0.5249
1543  0.4093 -0.8601 -0.3045
1544 -0.8601  0.4630  0.2143
1545  0.3857  0.5525  0.7389
1546 -0.6045 -0.3113  0.7332
1547 -0.6682 -0.1898 -0.7194
1548  0.0726 -0.4667 -0.8814
1549  0.1856 -0.8367 -0.5153
1550  0.3369 -0.8448 -0.4158
1551  0.3321  0.0972  0.9382
1552  0.5089  0.6156 -0.6017
1553  0.3277 -0.3274 -0.8863
1554  0.4462  0.0811 -0.8912
1555 -0.5019  0.6734 -0.5427
1556  0.8069  0.1771 -0.5635
1557  0.9959 -0.0784  0.0450
1558 -0.5248 -0.7009 -0.4830
1559  0.1687 -0.9470  0.2734
1560 -0.9881  0.1260 -0.0881
1561  0.0502 -0.5955  0.8018
1562 -0.1047 -0.7239  0.6819
1563  0.4256 -0.1361  0.8946
1564 -0.3700  0.7312 -0.5731
1565 -0.0819 -0.9733 -0.2144
1566  0.8638 -0.1344  0.4855
1567 -0.7056  0.2117 -0.6762
1568  0.8235  0.4992  0.2697
1569  0.1707  0.9450 -0.2790
1570 -0.0651 -0.5919  0.8034
1571  0.1406  0.4753 -0.8685
1572 -0.2794  0.9099  0.3066
1573 -0.8707  0.0734 -0.4863
1574  0.2144 -0.9167  0.3373
1575  0.2161  0.3144 -0.9244
1576 -0.6410 -0.7513  0.1570
1577  0.1802  0.0933  0.9792
1578  0.7967  0.5337 -0.2836
1579 -0.7713 -0.0419  0.6351
1580 -0.6612  0.6444  0.3840
1581  0.0473  0.6927  0.7197
1582  0.8263  0.3537 -0.4383
1583 -0.9364  0.2761 -0.2164
1584 -0.2386  0.4712  0.8492
1585 -0.0606 -0.9347 -0.3504
1586  0.6522 -0.0304  0.7574
1587 -0.1239  0.6171 -0.7771
1588  0.8762 -0.3458  0.3358
1589 -0.0899 -0.9614  0.2600
1590  0.8524  0.5228 -0.0112
1591 -0.4059 -0.5505  0.7296
1592 -0.4194  0.4679  0.7780
1593 -0.7526  0.4959 -0.4332
1594 -0.6481  0.1908  0.7372
1595 -0.3910 -0.6849 -0.6148
1596  0.2042 -0.9673 -0.1506
1597 -0.1697 -0.1679 -0.9711
1598 -0.5490  0.2376  0.8013
1599 -0.3538  0.5467 -0.7589
1600 -0.7280 -0.3210  0.6058
1601  0.7325 -0.3568 -0.5798
1602  0.9077 -0.3978  0.1334
1603 -0.9037  0.1008  0.4161
1604  0.6650 -0.7262 -0.1743
1605  0.0146 -0.9982  0.0587
1606  0.1310 -0.3035 -0.9438
1607  0.6030 -0.7419 -0.2933
1608  0.2221 -0.7691 -0.5993
1609  0.5432 -0.8353  0.0847
1610 -0.0876  0.6639  0.7427
1611 -0.6706  0.5085 -0.5401
1612 -0.8816 -0.1259  0.4548
1613  0.5111  0.1212  0.8510
1614 -0.6950  0.0204 -0.7187
1615  0.3981  0.9128  0.0913
1616  0.8954  0.1369 -0.4236
1617  0.3729 -0.7839 -0.4964
1618  0.9539  0.2143  0.2103
1619  0.8726 -0.2800  0.4001
1620  0.9524 -0.1578  0.2609
1621  0.4792 -0.5405  0.6915
1622 -0.5985  0.5334 -0.5977
1623  0.5677 -0.4662 -0.6785
1624  0.2202 -0.3962 -0.8914
1625  0.0426 -0.8914 -0.4513
1626 -0.6632  0.7483 -0.0111
1627 -0.5368 -0.4106  0.7371
1628  0.2389  0.7744 -0.5858
1629 -0.4282 -0.0895 -0.8992
1630  0.6944 -0.4006  0.5977
1631  0.9818  0.0466  0.1842
1632 -0.4141 -0.2278  0.8813
1633  0.5461 -0.0760 -0.8343
1634  0.7905 -0.3225 -0.5207
1635  0.8345  0.3392  0.4343
1636 -0.0447  0.9121  0.4076
1637  0.5536  0.4248 -0.7164
1638 -0.0753 -0.8682  0.4905
1639  0.0041  0.8654 -0.5011
1640  0.4743 -0.8391  0.2663
1641 -0.4247  0.8839  0.1957
1642  0.5988 -0.7812 -0.1767
1643  0.4492 -0.8887  0.0922
1644  0.1250 -0.7873 -0.6038
1645  0.7812 -0.1079  0.6149
1646 -0.2999  0.0177 -0.9538
1647 -0.6392 -0.5137 -0.5724
1648 -0.4613  0.4068 -0.7885
1649 -0.4931  0.2022 -0.8462
1650  0.8721 -0.3019 -0.3850
1651  0.2333 -0.9628  0.1362
1652  0.9334  0.1054 -0.3430
1653 -0.6504  0.5854  0.4841
1654  0.5298  0.4440  0.7226
1655 -0.1211 -0.9805  0.1551
1656 -0.4168  0.6093 -0.6745
1657 -0.8087  0.3048 -0.5031
1658 -0.5605 -0.8121 -0.1623
1659 -0.9781 -0.0509 -0.2016
1660  0.5197  0.8497 -0.0891
1661  0.3918  0.4551 -0.7996
1662 -0.1625  0.3107  0.9365
1663  0.6365 -0.7693 -0.0554
1664 -0.6014 -0.1100  0.7913
1665 -0.4978  0.1708  0.8503
1666  0.8358  0.2416  0.4930
1667  0.3198  0.9472 -0.0212
1668 -0.3155  0.1670 -0.9341
1669  0.3151 -0.9243 -0.2155
1670  0.9854 -0.1051 -0.1339
1671 -0.7248 -0.3304 -0.6045
1672  0.7635 -0.5549 -0.3303
1673 -0.5171  0.4749  0.7121
1674  0.9729 -0.0468  0.2263
1675 -0.2171  0.7441  0.6318
1676  0.4194 -0.3130 -0.8521
1677 -0.2478 -0.7243  0.6434
1678 -0.1089  0.9182 -0.3810
1679  0.0489 -0.8643  0.5006
1680 -0.7451  0.4997  0.4418
1681 -0.1960  0.6583  0.7268
1682  0.7085 -0.1343  0.6928
1683 -0.7157 -0.6281 -0.3056
1684 -0.8497  0.1848 -0.4938
1685 -0.3200  0.6765 -0.6633
1686 -0.7015 -0.4272 -0.5704
1687 -0.2556  0.9664 -0.0283
1688 -0.2830 -0.4418 -0.8513
1689  0.4796  0.3348  0.8111
1690 -0.6292 -0.2126  0.7476
1691 -0.2039  0.4491 -0.8699
1692 -0.1418 -0.4103 -0.9009
1693  0.5013  0.8395 -0.2093
1694  0.5905 -0.6485 -0.4804
1695  0.7628  0.3520  0.5425
1696 -0.5127  0.6198  0.5941
1697  0.4179  0.3015 -0.8570
1698 -0.1733  0.5466 -0.8193
1699  0.8331  0.1482  0.5329
1700  0.4933 -0.8417 -0.2196
1701  0.3926  0.8000  0.4537
1702  0.9020 -0.3718  0.2196
1703  0.3807 -0.6462 -0.6614
1704 -0.2122  0.1694  0.9624
1705  0.9677 -0.2519  0.0118
1706 -0.7422 -0.2583 -0.6184
1707  0.3238 -0.7584  0.5657
1708 -0.7316  0.6054 -0.3133
1709 -0.6735 -0.6365  0.3760
1710 -0.3195 -0.8693 -0.3771
1711  0.0981 -0.1351  0.9860
1712  0.1957  0.5650  0.8015
1713  0.0875  0.7796 -0.6201
1714 -0.7797  0.3643  0.5092
1715 -0.1232  0.9605 -0.2494
1716  0.6133  0.0877  0.7849
1717  0.3287 -0.1982 -0.9234
1718  0.3808 -0.8880  0.2578
1719  0.8160 -0.0059  0.5780
1720  0.9785  0.2062  0.0037
1721  0.6677  0.2682  0.6945
1722 -0.8547 -0.1951  0.4810
1723  0.0967 -0.3111  0.9455
1724 -0.9322 -0.3175 -0.1737
1725  0.9236  0.1809  0.3381
1726  0.7856  0.4218  0.4526
1727 -0.8090  0.0159  0.5876
1728 -0.9307 -0.1755  0.3209
1729  0.4388  0.8735  0.2109
1730 -0.3162 -0.7571 -0.5717
1731  0.5000 -0.3691  0.7834
1732 -0.6797 -0.5706 -0.4608
1733 -0.0650  0.9906 -0.1203
1734 -0.2758 -0.4674  0.8399
1735 -0.9155 -0.1215 -0.3836
1736  0.4970 -0.8436  0.2032
1737  0.1890  0.6859 -0.7028
1738 -0.9805 -0.1670 -0.1032
1739  0.0009  0.8674  0.4976
1740  0.9066 -0.1407  0.3977
1741  0.1219 -0.9905 -0.0630
1742  0.2044 -0.2901  0.9349
1743 -0.4036 -0.7799 -0.4785
1744  0.5242 -0.6507 -0.5494
1745  0.7316  0.1787  0.6579
1746 -0.1716 -0.4737  0.8638
1747  0.0853 -0.0100  0.9963
1748  0.0729  0.1959  0.9779
1749 -0.6032 -0.7315 -0.3180
1750  0.1801 -0.0145 -0.9835
1751  0.3703 -0.9281  0.0377
1752 -0.1780 -0.8686 -0.4625
1753  0.7932 -0.6065  0.0544
1754 -0.7976  0.0308 -0.6024
1755 -0.7486 -0.4989 -0.4367
1756 -0.9703 -0.2344 -0.0605
1757 -0.2372 -0.5095 -0.8271
1758  0.7195 -0.5862  0.3724
1759 -0.8738 -0.0277 -0.4855
1760  0.7024  0.6694  0.2417
1761  0.9623 -0.1849 -0.1994
1762  0.1309  0.6226  0.7715
1763  0.0931  0.8334  0.5448
1764  0.8818  0.2615 -0.3925
1765  0.2980  0.8789  0.3723
1766  0.4080  0.6955 -0.5915
1767  0.8580 -0.4527 -0.2427
1768  0.5278 -0.3084 -0.7914
1769  0.7257 -0.1870 -0.6621
1770 -0.0741 -0.2232  0.9719
1771 -0.2443 -0.1947  0.9500
1772  0.5320  0.8226  0.2009
1773 -0.1026 -0.9947 -0.0096
1774  0.7529 -0.3119  0.5795
1775  0.3293  0.7104  0.6220
1776  0.6740 -0.0116 -0.7387
1777 -0.4455 -0.3309  0.8318
1778  0.6320  0.7456  0.2116
1779  0.1405 -0.9107 -0.3884
1780 -0.1543  0.2465  0.9568
1781  0.6291  0.7743  0.0686
1782 -0.0480 -0.7950  0.6047
1783 -0.0323 -0.3177  0.9477
1784 -0.8008 -0.4584 -0.3855
1785  0.5009  0.0236  0.8652
1786 -0.9190  0.3615  0.1572
1787  0.2064 -0.1714 -0.9633
1788 -0.0390  0.4601  0.8870
1789 -0.2218  0.9679  0.1185
1790  0.8142 -0.4805  0.3259
1791 -0.6011  0.0893  0.7942
1792 -0.2284  0.5424  0.8085
1793 -0.6486 -0.5691  0.5054
1794 -0.1633 -0.9832  0.0820
1795  0.0130 -0.8100 -0.5863
1796  0.5003  0.3873 -0.7744
1797 -0.6101  0.7446 -0.2709
1798 -0.2826  0.5859  0.7595
1799 -0.3869  0.8764 -0.2866
1800  0.6717 -0.6989 -0.2456
1801  0.0115  0.3015  0.9534
1802  0.2154 -0.9241 -0.3158
1803  0.0597 -0.9869 -0.1497
1804 -0.1799  0.8814 -0.4368
1805  0.2557 -0.2179 -0.9419
1806  0.2846  0.8520  0.4395
1807  0.5658  0.1722  0.8063
1808  0.0820 -0.9948  0.0611
1809 -0.5275  0.7326  0.4302
1810  0.5959  0.2599 -0.7598
1811 -0.3572  0.6481  0.6726
1812  0.3336  0.2542 -0.9078
1813  0.5535  0.6785 -0.4830
1814  0.0371  0.9991 -0.0186
1815  0.1572  0.4074  0.8996
1816  0.7591 -0.4808  0.4389
1817 -0.8122  0.2191  0.5407
1818  0.9561  0.1139 -0.2698
1819  0.6687 -0.5439 -0.5070
1820  0.0976 -0.5066  0.8567
1821 -0.4049 -0.1047  0.9083
1822  0.9628 -0.2665 -0.0444
1823 -0.4949 -0.6159 -0.6130
1824  0.1100 -0.9251  0.3635
1825  0.4727 -0.8753 -0.1022
1826 -0.1565  0.9477  0.2783
1827 -0.2930  0.3835 -0.8758
1828 -0.6036 -0.7973  0.0078
1829 -0.9181  0.3944 -0.0384
1830 -0.1263 -0.1193  0.9848
1831  0.7272 -0.6824 -0.0742
1832 -0.8648 -0.2459 -0.4378
1833  0.3623  0.9228 -0.1311
1834  0.1216  0.9682  0.2185
1835 -0.8910 -0.4260  0.1570
1836  0.7062 -0.7078  0.0198
1837  0.7044 -0.4639  0.5372
1838  0.0949 -0.6981 -0.7097
1839  0.3038 -0.5841 -0.7527
1840  0.4056  0.2444  0.8807
1841  0.4543 -0.5630 -0.6904
1842  0.7643 -0.5828  0.2759
1843  0.6059  0.7472 -0.2732
1844  0.3861  0.8227 -0.4173
1845 -0.0061  0.7564 -0.6541
1846 -0.7169 -0.0111  0.6971
1847  0.7802  0.5106 -0.3612
1848 -0.2110  0.0493 -0.9762
1849 -0.8526 -0.5206 -0.0464
1850  0.1871  0.9766  0.1062
1851  0.0546  0.9676  0.2465
1852 -0.7457  0.6602  0.0892
1853  0.3362  0.6386 -0.6922
1854  0.5860  0.8100  0.0244
1855  0.8079 -0.5458 -0.2221
1856 -0.5219 -0.7726  0.3616
1857  0.2035  0.2356 -0.9503
1858 -0.5808  0.3760  0.7220
1859  0.1837  0.5759 -0.7966
1860  0.7679  0.6141  0.1820
1861  0.0319  0.6118 -0.7904
1862  0.2578  0.5162 -0.8168
1863 -0.5918 -0.0947 -0.8005
1864  0.1629 -0.5485 -0.8201
1865  0.7167 -0.0503  0.6956
1866 -0.3166 -0.9247  0.2113
1867 -0.7881 -0.3634  0.4969
1868 -0.5623 -0.8070  0.1803
1869 -0.8095  0.0834  0.5811
1870  0.9556  0.0495 -0.2903
1871  0.9550  0.2276 -0.1902
1872  0.9345 -0.1146  0.3371
1873 -0.8789  0.2669  0.3953
1874  0.0751 -0.1333 -0.9882
1875 -0.7250  0.3691 -0.5814
1876 -0.9049 -0.3530 -0.2378
1877  0.7495  0.1914 -0.6337
1878  0.9449 -0.3115  0.1006
1879  0.0245 -0.0774  0.9967
1880  0.5283  0.5391  0.6559
1881 -0.4591  0.7684  0.4459
1882 -0.5066  0.8571  0.0937
1883 -0.0730 -0.4855  0.8712
1884  0.9083 -0.0942 -0.4076
1885  0.4965 -0.8052 -0.3243
1886 -0.9970  0.0690  0.0352
1887  0.6458 -0.7303  0.2226
1888 -0.4315  0.0782  0.8987
1889  0.9328 -0.3026 -0.1955
1890 -0.6556 -0.7392 -0.1546
1891  0.8964  0.2599  0.3591
1892 -0.9564 -0.0446  0.2887
1893 -0.5112 -0.7677 -0.3864
1894 -0.3256  0.9451  0.0277
1895  0.8796  0.4502  0.1539
1896 -0.2628 -0.7268 -0.6346
1897  0.8571  0.0815  0.5087
1898 -0.8793  0.3298 -0.3435
1899  0.6438 -0.2231 -0.7319
1900 -0.6185 -0.7815 -0.0824
1901 -0.3009 -0.2967  0.9063
1902  0.6521  0.1978 -0.7318
1903  0.6779 -0.6156 -0.4018
1904 -0.9895  0.0392 -0.1395
1905 -0.5723 -0.3916 -0.7205
1906 -0.7827 -0.3817 -0.4916
1907 -0.7498  0.6414 -0.1624
1908 -0.7532 -0.1123 -0.6481
1909 -0.3760 -0.8729  0.3110
1910 -0.4505 -0.6870  0.5702
1911  0.1459 -0.5807  0.8009
1912  0.6708  0.5503  0.4972
1913 -0.2249 -0.9100 -0.3484
1914  0.8505 -0.1962 -0.4879
1915  0.7305  0.5322  0.4280
1916  0.4161  0.0428  0.9083
1917  0.0056 -0.9707  0.2401
1918 -0.7278 -0.6852 -0.0286
1919  0.6686  0.7366 -0.1018
1920  0.5340  0.1132 -0.8379
1921 -0.3591  0.8480 -0.3898
1922 -0.8326 -0.2529  0.4928
1923  0.6762 -0.7295 -0.1029
1924 -0.8572  0.3201  0.4034
1925  0.7317 -0.0340 -0.6808
1926 -0.1643  0.2861 -0.9440
1927 -0.5889 -0.5714 -0.5716
1928  0.4420 -0.3971 -0.8043
1929 -0.1130 -0.5652  0.8172
1930 -0.6784  0.5839 -0.4460
1931 -0.4151  0.1673  0.8943
1932  0.2909  0.0664 -0.9544
1933  0.5852  0.8054  0.0946
1934 -0.5016 -0.1096  0.8581
1935  0.2268  0.7347  0.6393
1936 -0.0664 -0.8019 -0.5937
1937 -0.4194 -0.0417  0.9068
1938  0.6454  0.1686  0.7450
1939 -0.0007  0.5238 -0.8519
1940  0.4846  0.8584  0.1683
1941  0.8408 -0.4260  0.3342
1942  0.7294  0.3174 -0.6060
1943  0.3428 -0.7986  0.4946
1944 -0.1725  0.7269 -0.6648
1945  0.3543  0.2059  0.9122
1946  0.9762  0.1553 -0.1516
1947  0.6200 -0.6861 -0.3806
1948 -0.3794  0.7930 -0.4767
1949  0.0685  0.9889  0.1319
1950 -0.4799 -0.3955 -0.7831
1951  0.4949 -0.7731  0.3968
1952 -0.6532 -0.4126  0.6349
1953 -0.5481 -0.3198 -0.7728
1954 -0.8105  0.2983  0.5040
1955 -0.0288  0.3181 -0.9476
1956 -0.7128 -0.6953 -0.0918
1957  0.8239 -0.2938  0.4846
1958  0.2755  0.6638  0.6953
1959  0.5905  0.4517 -0.6688
1960  0.7753 -0.2078 -0.5965
1961  0.7456 -0.6660 -0.0210
1962  0.9842 -0.0594 -0.1669
1963 -0.8977 -0.2348 -0.3728
1964 -0.8614 -0.3507 -0.3675
1965  0.5184 -0.5507  0.6542
1966 -0.0220  0.9976  0.0653
1967  0.0305  0.6981 -0.7153
1968  0.2209  0.8495 -0.4790
1969 -0.3547  0.3956  0.8471
1970  0.1310  0.1564  0.9790
1971 -0.2156  0.2065 -0.9544
1972 -0.7571 -0.6262  0.1862
1973 -0.0263 -0.9924 -0.1200
1974 -0.5338 -0.3333  0.7772
1975 -0.6843  0.3062 -0.6618
1976  0.9105 -0.2946  0.2904
1977 -0.7421 -0.1741 -0.6473
1978  0.7443 -0.4141 -0.5240
1979  0.4160  0.8595 -0.2970
1980  0.3729  0.0010 -0.9279
1981 -0.8144 -0.0207 -0.5799
1982 -0.3323 -0.8042  0.4927
1983  0.1011 -0.6759  0.7300
1984  0.5635 -0.2108  0.7988
1985 -0.8774 -0.0162  0.4794
1986 -0.0621 -0.0090 -0.9980
1987 -0.0789  0.7719  0.6308
1988  0.5787  0.7090 -0.4030
1989  0.1609  0.6389 -0.7523
1990 -0.3289 -0.4879  0.8085
1991  0.8805 -0.1874 -0.4354
1992 -0.5207 -0.8098  0.2704
1993  0.2677 -0.8343 -0.4820
1994  0.3582 -0.9146 -0.1876
1995  0.0720 -0.9228 -0.3786
1996 -0.3852 -0.3003  0.8726
1997  0.7405 -0.4158  0.5280
1998 -0.7665 -0.6286 -0.1315
1999 -0.9155 -0.3381  0.2179
2000  0.3977 -0.9173 -0.0173
2001 -0.9356 -0.1920 -0.2964
2002  0.6581  0.2551 -0.7084
2003 -0.6296 -0.6105 -0.4805
2004  0.3626 -0.0571  0.9302
2005 -0.2200 -0.3830  0.8972
2006  0.6795  0.3732  0.6317
2007  0.5888  0.0456  0.8070
2008 -0.4306 -0.6022 -0.6723
2009  0.8950 -0.3107 -0.3202
2010  0.1309  0.3382  0.9319
2011 -0.4911 -0.6424  0.5884
2012 -0.1208  0.3914 -0.9123
2013  0.3073 -0.9406  0.1446
2014 -0.5133  0.7809 -0.3559
2015  0.4213 -0.8195 -0.3885
2016 -0.9072 -0.4155 -0.0663
2017  0.0326 -0.2359 -0.9712
2018  0.7033 -0.7047  0.0939
2019 -0.1514 -0.1940  0.9693
2020  0.2155 -0.5310  0.8195
2021  0.7102  0.5221  0.4722
2022  0.8494  0.2834  0.4452
2023  0.5830  0.5249  0.6202
2024  0.1764 -0.6185 -0.7657
2025 -0.6155  0.7646  0.1912
2026 -0.4339  0.9009 -0.0053
2027  0.5843 -0.3176  0.7468
2028 -0.0309 -0.8649 -0.5011
2029  0.2733 -0.8940 -0.3551
2030 -0.4908  0.7424 -0.4560
2031  0.0609 -0.7462  0.6629
2032  0.0480  0.8424 -0.5367
2033 -0.5101  0.5456 -0.6649
2034  0.9780 -0.0064 -0.2084
2035 -0.9985  0.0476 -0.0280
2036 -0.9987 -0.0451  0.0234
2037 -0.3384 -0.1485 -0.9292
2038  0.5489 -0.5359 -0.6415
2039 -0.0663  0.2105 -0.9753
2040 -0.3036 -0.4854 -0.8199
2041 -0.6080  0.6982  0.3780
2042  0.2856 -0.9055  0.3138
2043  0.5646 -0.8253  0.0034
2044 -0.7687  0.1754  0.6151
2045 -0.1711  0.9751 -0.1415
2046  0.3101 -0.0647 -0.9485
2047  0.1771  0.9824  0.0593
2048  0.7023  0.6056 -0.3741
2049 -0.2491 -0.9298 -0.2708
2050  0.9307 -0.2412 -0.2748
2051  0.1579 -0.0338  0.9869
2052  0.4824  0.6721 -0.5617
2053 -0.3829 -0.4268  0.8193
2054  0.2650 -0.3333 -0.9048
2055 -0.7571  0.1547 -0.6347
2056  0.8631 -0.4843 -0.1435
2057  0.3558  0.6003  0.7163
2058  0.2860 -0.9476 -0.1425
2059  0.2334 -0.0050 -0.9724
2060 -0.3490  0.9345  0.0701
2061  0.8242  0.5427  0.1618
2062 -0.1861 -0.9506  0.2487
2063 -0.1459  0.6529  0.7432
2064  0.4351 -0.8682 -0.2386
2065 -0.8737 -0.4032 -0.2722
2066 -0.6950  0.6424 -0.3230
2067 -0.2135 -0.3649 -0.9063
2068 -0.0224  0.9730 -0.2297
2069 -0.4161 -0.9077 -0.0536
2070 -0.3052 -0.9521  0.0195
2071 -0.5444  0.7920 -0.2763
2072 -0.9340  0.0075  0.3571
2073  0.5772 -0.4462  0.6839
2074  0.6210  0.7312  0.2824
2075  0.9527 -0.2146  0.2152
2076 -0.4621 -0.8814  0.0981
2077 -0.1822 -0.8809  0.4369
2078 -0.6283  0.7121 -0.3133
2079 -0.5782 -0.2368  0.7808
2080  0.9052 -0.3935 -0.1605
2081  0.8965  0.1092  0.4294
2082  0.9346 -0.0732 -0.3480
2083  0.2355  0.9515  0.1981
2084 -0.0186 -0.3828 -0.9236
2085 -0.3186 -0.5768 -0.7522
2086  0.4936 -0.8662  0.0774
2087 -0.4548  0.8504  0.2644
2088 -0.9040  0.4112  0.1172
2089  0.0004 -0.0187  0.9998
2090  0.1724  0.7007  0.6923
2091 -0.2003 -0.5440 -0.8148
2092 -0.4453 -0.8255  0.3467
2093  0.0577  0.0881  0.9944
2094  0.8006 -0.4154  0.4319
2095  0.5012  0.2740  0.8208
2096  0.9729  0.2041  0.1085
2097  0.4432  0.5277  0.7246
2098  0.9395 -0.1360 -0.3143
2099  0.5918  0.4101  0.6939
2100  0.4324 -0.0744  0.8986
2101 -0.8808  0.2089  0.4250
2102 -0.0885 -0.7109 -0.6977
2103  0.0237 -0.9995 -0.0194
2104 -0.3068 -0.7014  0.6434
2105 -0.2640  0.7266  0.6343
2106  0.0709 -0.7569 -0.6497
2107 -0.4484 -0.7902 -0.4177
2108 -0.2987  0.9027 -0.3097
2109  0.1817 -0.1106  0.9771
2110 -0.4267 -0.3024 -0.8524
2111  0.2685 -0.1835  0.9456
2112  0.5683 -0.6074  0.5551
2113  0.5655  0.0456 -0.8235
2114 -0.0720 -0.8977 -0.4347
2115  0.9958  0.0411  0.0821
2116 -0.5820 -0.6808  0.4447
2117 -0.8715  0.1100  0.4778
2118  0.3123 -0.1347  0.9404
2119 -0.0306 -0.1337  0.9906
2120 -0.2582  0.8545  0.4507
2121  0.1717  0.9234  0.3432
2122  0.4312 -0.5249  0.7339
2123 -0.8375  0.5457  0.0281
2124 -0.1345 -0.9604 -0.2439
2125  0.2240  0.9733 -0.0495
2126  0.7064 -0.2394  0.6661
2127  0.1752 -0.7333  0.6569
2128 -0.3181 -0.9183 -0.2357
2129 -0.1682 -0.9010 -0.3998
2130 -0.8183  0.4201 -0.3923
2131 -0.2332  0.7850 -0.5739
2132 -0.9377  0.1827 -0.2956
2133 -0.9405 -0.2700  0.2064
2134  0.2311  0.1227 -0.9652
2135 -0.6523  0.1198 -0.7484
2136  0.0176  0.6361  0.7714
2137  0.6839  0.3911 -0.6159
2138 -0.2948  0.6055 -0.7393
2139 -0.6596  0.3291  0.6758
2140 -0.1782 -0.9754 -0.1301
2141  0.1173  0.9865 -0.1139
2142 -0.4880  0.0800  0.8692
2143 -0.3401  0.0874 -0.9363
2144  0.3629 -0.2280  0.9035
2145 -0.2773  0.3138  0.9081
2146 -0.9265 -0.3726  0.0533
2147  0.7824  0.5281  0.3301
2148 -0.2352  0.4275  0.8729
2149  0.4923 -0.5897 -0.6402
2150  0.5385 -0.1495  0.8293
2151 -0.2006 -0.5601  0.8038
2152  0.2870  0.0529  0.9565
2153  0.5014  0.4477 -0.7403
2154  0.9863 -0.1624 -0.0274
2155 -0.7914 -0.5487  0.2692
2156 -0.7510 -0.5591  0.3512
2157  0.9930  0.0436 -0.1100
2158  0.1520 -0.2926  0.9441
2159 -0.6714 -0.5041  0.5432
2160  0.2644  0.2069  0.9420
2161  0.4923  0.6708  0.5546
2162 -0.0805  0.6107  0.7877
2163 -0.1606  0.8947  0.4169
2164  0.9143  0.1562 -0.3738
2165 -0.9620  0.2675 -0.0554
2166 -0.3656  0.0641  0.9286
2167 -0.6435 -0.0250  0.7651
2168  0.2676  0.7940  0.5459
2169  0.1108 -0.7981  0.5922
2170  0.3315  0.9050  0.2666
2171 -0.3976 -0.7914  0.4643
2172  0.8564 -0.5155  0.0283
2173  0.9266  0.3757 -0.0164
2174 -0.7521 -0.6083 -0.2534
2175 -0.1188  0.4176  0.9008
2176  0.4706 -0.1895 -0.8618
2177 -0.7996 -0.4875  0.3507
2178 -0.7122 -0.5479  0.4387
2179 -0.6868  0.5984  0.4124
2180  0.6426 -0.5614  0.5214
2181  0.1444  0.8198 -0.5541
2182  0.9373 -0.3486  0.0004
2183  0.1037  0.7522  0.6507
2184  0.8099  0.5642 -0.1606
2185  0.0442 -0.9782 -0.2028
2186  0.3153  0.9334  0.1714
2187  0.9605  0.1860 -0.2069
2188 -0.8162  0.4811 -0.3200
2189  0.1530 -0.8803 -0.4490
2190 -0.5430 -0.0338  0.8390
2191 -0.2315  0.1024 -0.9674
2192 -0.4799  0.3008 -0.8241
2193 -0.9938 -0.0484  0.1002
2194  0.0459  0.4502 -0.8917
2195 -0.3688  0.6505 -0.6639
2196  0.2938 -0.7038 -0.6469
2197 -0.4083  0.9096  0.0771
2198  0.7137  0.2386  0.6585
2199 -0.1592  0.7950 -0.5854
2200  0.5284 -0.4674 -0.7087
2201 -0.0451 -0.9620 -0.2693
2202  0.3154  0.3937  0.8634
2203 -0.8721 -0.1574 -0.4633
2204 -0.9195  0.0741 -0.3859
2205 -0.8547  0.4897 -0.1724
2206 -0.2881  0.4940  0.8204
2207  0.2492  0.3009  0.9205
2208 -0.3938 -0.7126  0.5806
2209  0.0916  0.2000 -0.9755
2210 -0.8123 -0.2889 -0.5066
2211 -0.5681 -0.7773 -0.2703
2212 -0.7888 -0.4465  0.4225
2213  0.5716  0.8012 -0.1769
2214  0.7626  0.0929 -0.6401
2215 -0.8507 -0.4534  0.2659
2216 -0.2588 -0.2308 -0.9380
2217 -0.3318 -0.3816 -0.8627
2218  0.8351  0.4869 -0.2559
2219 -0.2806 -0.8672 -0.4114
2220 -0.5483  0.5263  0.6499
2221  0.7201  0.6302 -0.2904
2222 -0.8855  0.4643  0.0180
2223  0.2732 -0.6382 -0.7197
2224 -0.7273  0.4205 -0.5424
2225  0.2791  0.7142 -0.6418
2226 -0.3577  0.4135 -0.8373
2227  0.9977 -0.0158 -0.0666
2228  0.2908 -0.9556 -0.0475
2229  0.5258 -0.7610 -0.3801
2230 -0.6751  0.5294  0.5139
2231  0.9766 -0.1604  0.1432
2232 -0.1724 -0.6847 -0.7081
2233 -0.6742  0.7163 -0.1799
2234  0.4558 -0.1213 -0.8818
2235 -0.5268 -0.7122  0.4639
2236  0.9947  0.0982 -0.0307
2237 -0.5819  0.1596 -0.7975
2238  0.8889 -0.0332 -0.4568
2239  0.6909  0.1636 -0.7041
2240  0.9531  0.0671  0.2953
2241 -0.4426  0.6697 -0.5964
2242  0.8945  0.3211 -0.3109
2243  0.3595  0.5107  0.7810
2244  0.4569  0.0093  0.8895
2245 -0.1040 -0.3873  0.9161
2246  0.6572  0.6335 -0.4083
2247  0.9157  0.0348  0.4005
2248  0.4875  0.7531  0.4418
2249  0.6829  0.7071 -0.1835
2250 -0.5388 -0.8369  0.0965
2251 -0.6545 -0.4081 -0.6364
2252 -0.0597 -0.9876  0.1449
2253 -0.2629 -0.1008 -0.9596
2254 -0.8473 -0.5276  0.0608
2255 -0.0735  0.5074 -0.8586
2256  0.5411  0.8409 -0.0076
2257 -0.3379  0.9300  0.1448
2258  0.2978 -0.2943  0.9081
2259 -0.6064 -0.4940  0.6231
2260  0.4188  0.5039 -0.7554
2261  0.7766 -0.4724 -0.4169
2262 -0.8103  0.5796 -0.0867
2263 -0.7400 -0.4728  0.4784
2264  0.5531  0.5246 -0.6471
2265  0.5230 -0.8429 -0.1266
2266 -0.9051  0.3792 -0.1925
2267 -0.9463 -0.0716 -0.3154
2268 -0.6158  0.4155 -0.6694
2269  0.5916  0.7024  0.3958
2270 -0.4951 -0.5408  0.6800
2271 -0.7992  0.4426  0.4066
2272  0.3652 -0.3671  0.8555
2273  0.0770 -0.9616 -0.2635
2274  0.7977 -0.2247  0.5597
2275  0.7781 -0.6036  0.1739
2276 -0.6860 -0.4747 -0.5514
2277  0.8127 -0.3856 -0.4369
2278 -0.9103  0.2041 -0.3600
2279 -0.2740 -0.6417  0.7164
2280  0.8646 -0.4973 -0.0725
2281  0.0815  0.5391  0.8383
2282 -0.9495 -0.2423 -0.1994
2283 -0.1081 -0.6724  0.7323
2284  0.8511  0.5190 -0.0791
2285 -0.9922 -0.0536 -0.1121
2286  0.6654 -0.6020 -0.4415
2287 -0.5900  0.7967  0.1309
2288 -0.6434 -0.7654 -0.0165
2289 -0.7265 -0.6735  0.1362
2290  0.8513 -0.0654 -0.5205
2291 -0.8433 -0.5239 -0.1199
2292  0.1373  0.9195 -0.3684
2293  0.5530 -0.0173 -0.8330
2294 -0.7391  0.3459  0.5781
2295  0.0770  0.9574 -0.2783
2296 -0.0927  0.1605  0.9827
2297  0.0084  0.9249 -0.3801
2298  0.5744 -0.2580 -0.7768
2299  0.7240 -0.1141 -0.6803
2300 -0.9830 -0.1627  0.0851
2301 -0.9841  0.0957 -0.1495
2302 -0.0757 -0.5531 -0.8297
2303  0.0244  0.3912 -0.9200
2304 -0.6070  0.6069 -0.5130
2305 -0.6464  0.7267 -0.2325
2306  0.9328 -0.1765  0.3142
2307  0.6767  0.6837 -0.2731
2308  0.9163  0.2993  0.2661
2309 -0.1504 -0.2461 -0.9575
2310  0.2957  0.1577 -0.9422
2311 -0.0337  0.1834  0.9825
2312 -0.7135  0.4420  0.5437
2313  0.7141 -0.6464  0.2688
2314 -0.3821 -0.8397 -0.3858
2315 -0.2611  0.0093  0.9653
2316 -0.2737  0.2274  0.9345
2317  0.0596 -0.6464  0.7607
2318 -0.5273 -0.8493 -0.0242
2319  0.8355 -0.2360  0.4963
2320  0.3167 -0.5246  0.7903
2321  0.3964 -0.6759  0.6213
2322 -0.4481  0.7232 -0.5256
2323  0.0612 -0.8335 -0.5492
2324  0.6451  0.4302 -0.6315
2325 -0.4872 -0.2976  0.8211
2326  0.6816 -0.2411 -0.6909
2327 -0.6761  0.6878  0.2642
2328  0.3575 -0.1728  0.9178
2329 -0.1181  0.8322  0.5417
2330 -0.5524 -0.7111 -0.4350
2331 -0.7074 -0.5972 -0.3780
2332  0.0425 -0.7948  0.6054
2333 -0.6440  0.4364 -0.6284
2334 -0.3697  0.8758  0.3103
2335  0.3738  0.9274  0.0121
2336  0.8901  0.3959 -0.2260
2337  0.3691 -0.8403  0.3971
2338 -0.3486 -0.5747  0.7404
2339 -0.6498 -0.4483  0.6138
2340 -0.2946 -0.6125 -0.7335
2341 -0.4024  0.8193 -0.4083
2342 -0.9869 -0.1593  0.0247
2343  0.9793  0.1194  0.1636
2344  0.9923 -0.0034 -0.1238
2345 -0.6300 -0.6714 -0.3902
2346 -0.9235  0.0250 -0.3828
2347  0.7713 -0.0266  0.6360
2348  0.3123  0.3302 -0.8907
2349  0.3582 -0.0069  0.9336
2350 -0.7348  0.5745 -0.3605
2351 -0.2755 -0.8895 -0.3646
2352 -0.1658 -0.7847  0.5973
2353 -0.0110  0.2396 -0.9708
2354 -0.2335  0.5590 -0.7956
2355 -0.7895 -0.2688  0.5518
2356  0.7165  0.6528 -0.2460
2357 -0.2597  0.9537  0.1520
2358 -0.6192 -0.7373  0.2702
2359 -0.0735 -0.7007  0.7097
2360  0.4961  0.7785  0.3843
2361  0.0013  0.9900 -0.1414
2362  0.7431 -0.6589 -0.1167
2363 -0.0394 -0.8467  0.5306
2364  0.5213 -0.7168  0.4631
2365 -0.9128 -0.2926 -0.2851
2366 -0.1795  0.9817 -0.0638
2367 -0.9518 -0.2934 -0.0896
2368 -0.5981  0.2949  0.7452
2369  0.4267  0.3986 -0.8118
2370  0.2888 -0.9267  0.2405
2371  0.4528 -0.8614  0.2303
2372 -0.2888  0.7943  0.5346
2373  0.3148  0.5925 -0.7415
2374 -0.0214 -0.6320 -0.7747
2375  0.2845  0.7097  0.6446
2376 -0.7227 -0.6006  0.3421
2377 -0.9396  0.3163  0.1307
2378  0.8756  0.0898  0.4746
2379  0.9676  0.0675  0.2433
2380 -0.4036  0.3404  0.8492
2381 -0.5982  0.6234  0.5036
2382 -0.4693  0.4854  0.7376
2383 -0.9490  0.2641 -0.1720
2384  0.1411  0.5273 -0.8379
2385  0.8177 -0.5167  0.2537
2386 -0.8860 -0.2994 -0.3541
2387 -0.4162  0.7533  0.5092
2388 -0.0442  0.6776 -0.7341
2389 -0.0678 -0.9469  0.3144
2390  0.1791 -0.2530  0.9507
2391  0.5691  0.3405  0.7485
2392 -0.6804 -0.5665  0.4649
2393  0.0835  0.2609  0.9618
2394 -0.4356  0.8899 -0.1354
2395 -0.4186  0.4622 -0.7817
2396  0.1140 -0.7172  0.6874
2397  0.5253  0.7622 -0.3784
2398  0.0348  0.4936 -0.8690
2399  0.3185 -0.8773 -0.3591
2400 -0.0734 -0.8948  0.4403
2401  0.8110 -0.1624  0.5620
2402 -0.8296  0.5438 -0.1267
2403 -0.1646 -0.5996  0.7832
2404  0.4122  0.9038 -0.1147
2405 -0.0133 -0.2019  0.9793
2406  0.0833 -0.5089 -0.8568
2407  0.5917  0.6398  0.4904
2408  0.1002  0.4513  0.8867
2409 -0.5893 -0.5927  0.5489
2410 -0.2038  0.7035  0.6808
2411 -0.0217  0.8417  0.5395
2412 -0.4581  0.8184  0.3468
2413 -0.2771 -0.0998  0.9557
2414  0.2119 -0.9548  0.2083
2415  0.0386 -0.0884 -0.9953
2416  0.5128  0.8114  0.2805
2417  0.6343 -0.6238  0.4566
2418 -0.2902  0.8739  0.3901
2419 -0.0736 -0.7449 -0.6631
2420  0.4566  0.8047 -0.3794
2421 -0.9737  0.0022  0.2277
2422  0.4716 -0.8816  0.0192
2423 -0.3106  0.9502 -0.0238
2424 -0.2716 -0.7634 -0.5861
2425 -0.6791  0.7290  0.0863
2426  0.1794 -0.7748  0.6062
2427 -0.5187  0.8509 -0.0833
2428  0.9091  0.0268 -0.4157
2429 -0.8786  0.4392  0.1873
2430  0.0237 -0.6615 -0.7496
2431  0.1843  0.9571 -0.2236
2432 -0.8512  0.1293 -0.5087
2433  0.1203  0.6230 -0.7729
2434 -0.4988  0.8337 -0.2369
2435 -0.0218 -0.9492 -0.3140
2436 -0.5933 -0.7155  0.3688
2437  0.0058 -0.9329  0.3600
2438  0.6409  0.7675  0.0140
2439  0.5817 -0.7286  0.3616
2440 -0.7461  0.5976  0.2936
2441  0.1599  0.2877 -0.9443
2442  0.3618  0.9088 -0.2076
2443  0.3400  0.8063 -0.4840
2444  0.8616  0.3609  0.3570
2445 -0.7091 -0.5203 -0.4759
2446  0.1816  0.8971  0.4027
2447  0.2265 -0.8063  0.5465
2448  0.8548 -0.0312  0.5181
2449 -0.2091 -0.9762 -0.0567
2450  0.4962  0.7017  0.5114
2451  0.1713  0.7609 -0.6258
2452  0.1078 -0.9940  0.0179
2453  0.0922 -0.5542  0.8273
2454 -0.2116 -0.4111 -0.8867
2455 -0.2261 -0.1599 -0.9609
2456  0.3882 -0.9054  0.1718
2457 -0.7647 -0.5137 -0.3890
2458 -0.4572 -0.6781 -0.5754
2459  0.2778 -0.0300 -0.9602
2460  0.4916 -0.8703 -0.0294
2461  0.0113  0.9442  0.3292
2462  0.7558  0.5462 -0.3611
2463 -0.9996 -0.0016 -0.0287
2464  0.5070 -0.4857  0.7121
2465  0.0092  0.8094  0.5871
2466 -0.3221 -0.9445 -0.0652
2467 -0.4448 -0.5276 -0.7237
2468  0.1248 -0.8203 -0.5581
2469 -0.7211  0.6410 -0.2628
2470  0.3656 -0.8072 -0.4634
2471  0.4609 -0.8275 -0.3207
2472 -0.4489 -0.8788  0.1623
2473  0.9177  0.0811  0.3888
2474 -0.2845 -0.3201 -0.9036
2475  0.9258  0.3712  0.0717
2476 -0.2279 -0.4680 -0.8539
2477 -0.3300 -0.0838 -0.9402
2478 -0.1334  0.8411 -0.5241
2479 -0.7043 -0.6808 -0.2013
2480  0.5898 -0.1339 -0.7964
2481 -0.5647  0.4602 -0.6851
2482 -0.5541 -0.6703  0.4936
2483 -0.4100  0.7562 -0.5100
2484 -0.2122  0.2741  0.9380
2485 -0.9535 -0.1480 -0.2624
2486  0.5328 -0.5767 -0.6192
2487 -0.5356  0.7494  0.3892
2488  0.8299  0.5489  0.0997
2489 -0.9477 -0.1102 -0.2994
2490  0.5534  0.1810 -0.8130
2491 -0.1910  0.8378  0.5115
2492 -0.7401  0.6504  0.1706
2493 -0.2246  0.8906 -0.3954
2494 -0.0369  0.4215 -0.9061
2495  0.8047 -0.2107 -0.5550
2496  0.4276 -0.6247  0.6534
2497 -0.9458  0.3224  0.0399
2498 -0.0476 -0.2852 -0.9573
2499 -0.9415  0.2446  0.2320
2500 -0.6968 -0.7153 -0.0525
2501 -0.5059  0.3217  0.8003
2502 -0.0962  0.9271  0.3623
2503  0.1931 -0.9766 -0.0950
2504  0.0864 -0.3390 -0.9368
2505  0.1471  0.3906 -0.9087
2506 -0.2371 -0.6320 -0.7378
2507 -0.8089 -0.5564 -0.1901
2508 -0.5919 -0.7792 -0.2060
2509 -0.0021 -0.6892  0.7246
2510  0.3741 -0.7089 -0.5980
2511 -0.0426 -0.9165 -0.3978
2512  0.3549  0.4205  0.8350
2513 -0.9073 -0.2711  0.3214
2514 -0.6933 -0.2983 -0.6561
2515  0.7509  0.1464 -0.6439
2516  0.6344 -0.7721  0.0364
2517  0.3787  0.1307 -0.9162
2518  0.4219 -0.7274 -0.5413
2519  0.1206  0.7229  0.6803
2520  0.6097  0.1410  0.7800
2521 -0.6800 -0.6843  0.2631
2522  0.4357  0.4701  0.7675
2523  0.9187  0.3591  0.1646
2524 -0.7885  0.5742 -0.2202
2525 -0.9241 -0.3757 -0.0700
2526 -0.8271 -0.5113 -0.2335
2527 -0.3121  0.7288  0.6094
2528  0.6515 -0.7263 -0.2193
2529  0.8443 -0.4084 -0.3469
2530  0.7787  0.1763  0.6021
2531  0.0273 -0.9110 -0.4114
2532  0.1452 -0.0898  0.9853
2533 -0.5266  0.7869  0.3215
2534  0.2918 -0.6311  0.7187
2535  0.1600 -0.4014 -0.9018
2536  0.2363  0.6688 -0.7049
2537  0.3978 -0.2191 -0.8909
2538 -0.4471 -0.4899  0.7484
2539  0.7995  0.5081 -0.3204
2540  0.9087 -0.4141  0.0521
2541  0.7462  0.3301  0.5780
2542  0.8758 -0.3141  0.3666
2543 -0.7952 -0.2381 -0.5576
2544 -0.6627  0.3942  0.6368
2545 -0.2279 -0.0416 -0.9728
2546  0.4370  0.7058 -0.5576
2547 -0.6214 -0.6453  0.4444
2548  0.3073 -0.4326 -0.8476
2549 -0.8517 -0.4006 -0.3378
2550  0.8651 -0.1486 -0.4792
2551 -0.3010 -0.2189  0.9281
2552 -0.2417 -0.9483  0.2055
2553  0.3106  0.9443  0.1089
2554  0.6361 -0.5088  0.5801
2555  0.0583 -0.0584  0.9966
2556  0.3759 -0.7755  0.5072
2557 -0.1696  0.9717  0.1643
2558 -0.4569 -0.4034  0.7928
2559  0.5991 -0.1349  0.7892
2560 -0.1293 -0.9305 -0.3426
2561 -0.4419  0.6381  0.6305
2562 -0.7414 -0.0300 -0.6703
2563  0.0415 -0.0007  0.9991
2564  0.8012  0.0094 -0.5984
2565 -0.4420  0.3608 -0.8213
2566 -0.1880 -0.8413  0.5067
2567  0.9715  0.0674 -0.2271
2568 -0.7156  0.5149  0.4720
2569 -0.5208 -0.6465  0.5575
2570  0.7272 -0.6145 -0.3059
2571  0.4163 -0.8417 -0.3439
2572  0.5049  0.3153 -0.8035
2573  0.5912  0.0084 -0.8065
2574 -0.3408  0.9265 -0.1594
2575 -0.5507  0.6065 -0.5735
2576  0.5219 -0.8345 -0.1768
2577  0.0741 -0.9661  0.2474
2578  0.2860 -0.7206  0.6316
2579  0.7465  0.6569 -0.1058
2580 -0.5533  0.2085 -0.8065
2581  0.5155 -0.1965 -0.8340
2582  0.7711  0.0996  0.6289
2583 -0.6955  0.3453 -0.6302
2584 -0.4743  0.7802 -0.4080
2585 -0.1299 -0.9291  0.3463
2586 -0.0516 -0.4303  0.9012
2587  0.9436  0.1302 -0.3044
2588 -0.2909  0.8556 -0.4280
2589 -0.8877 -0.4597 -0.0251
2590  0.2441  0.4265 -0.8709
2591  0.7734  0.5869  0.2395
2592 -0.6751 -0.7331  0.0823
2593  0.5578 -0.7823  0.2773
2594  0.5771  0.6345 -0.5142
2595 -0.4353  0.5622  0.7032
2596  0.7606 -0.2537 -0.5976
2597 -0.4882  0.5966 -0.6370
2598  0.0986 -0.9790  0.1785
2599  0.7077 -0.3391  0.6197
2600 -0.3490 -0.1251  0.9287
2601  0.6093  0.7691 -0.1930
2602  0.5184 -0.3766 -0.7677
2603 -0.5840  0.8114  0.0260
2604 -0.0098  0.7216  0.6923
2605  0.1388  0.6558  0.7421
2606 -0.5248  0.8504  0.0381
2607 -0.8865  0.4426 -0.1351
2608 -0.9842 -0.0762 -0.1597
2609  0.0986 -0.5641 -0.8198
2610  0.5612  0.8208 -0.1066
2611 -0.3849 -0.9227  0.0234
2612 -0.9257 -0.3578  0.1231
2613 -0.5464 -0.7783  0.3092
2614 -0.7299  0.1544  0.6659
2615  0.1712  0.1709 -0.9703
2616 -0.7682  0.5168 -0.3779
2617 -0.0147 -0.9987 -0.0483
2618  0.7224 -0.6890  0.0587
2619 -0.0432 -0.6231  0.7810
2620 -0.8923 -0.0612  0.4472
2621 -0.8294  0.2341 -0.5072
2622 -0.2411  0.8273 -0.5074
2623 -0.3903 -0.3663 -0.8447
2624  0.8697  0.4831 -0.1015
2625 -0.9465  0.3215 -0.0281
2626  0.9598 -0.1281 -0.2498
2627 -0.4425  0.8425 -0.3071
2628  0.9019  0.4299 -0.0419
2629 -0.6967 -0.6916  0.1903
2630 -0.2790 -0.9481 -0.1527
2631  0.0623  0.0746 -0.9953
2632  0.3517  0.7134 -0.6061
2633 -0.0591  0.8819 -0.4677
2634 -0.6688 -0.6888 -0.2798
2635 -0.6394 -0.4967  0.5869
2636  0.6379  0.0973 -0.7640
2637 -0.9487  0.1067 -0.2978
2638 -0.2956 -0.9068  0.3006
2639 -0.0678 -0.1152 -0.9910
2640  0.1636 -0.9270  0.3374
2641  0.0108 -0.4993 -0.8663
2642  0.1968  0.0209  0.9802
2643  0.6987 -0.5846  0.4123
2644  0.8348 -0.5494 -0.0365
2645  0.9378  0.0957  0.3338
2646 -0.1907 -0.0292  0.9812
2647  0.7478  0.2515 -0.6145
2648  0.9120 -0.3557 -0.2043
2649 -0.8558  0.4084  0.3176
2650  0.7568 -0.6375  0.1442
2651 -0.7621  0.2619 -0.5921
2652 -0.5595 -0.1432  0.8164
2653 -0.4650 -0.1940 -0.8638
2654  0.2496  0.9469 -0.2027
2655  0.9316  0.3448 -0.1147
2656  0.2508  0.4811  0.8400
2657  0.9248 -0.1204 -0.3610
2658  0.8605 -0.4858  0.1536
2659 -0.7563 -0.6075  0.2430
2660  0.8797  0.4013  0.2551
2661 -0.2820 -0.9551  0.0903
2662  0.9681 -0.2112  0.1348
2663  0.0987  0.7146 -0.6925
2664 -0.2010  0.9796 -0.0002
2665 -0.7781  0.4404 -0.4480
2666  0.8335 -0.2938 -0.4678
2667 -0.5323  0.8313  0.1602
2668 -0.3012  0.3688  0.8794
2669  0.2050 -0.4060  0.8906
2670  0.7797 -0.5983 -0.1846
2671  0.4678  0.2244  0.8548
2672 -0.6020 -0.7745  0.1943
2673  0.3637  0.1467  0.9199
2674  0.7167  0.6954 -0.0525
2675  0.7559 -0.3673 -0.5419
2676 -0.9761 -0.1446 -0.1624
2677 -0.2749  0.9549 -0.1123
2678  0.3137  0.5776  0.7537
2679 -0.8653  0.4978  0.0589
2680  0.0830  0.9739 -0.2112
2681  0.5821 -0.5759 -0.5740
2682  0.8673  0.3787 -0.3231
2683  0.2852  0.2169 -0.9336
2684 -0.9794  0.2016 -0.0137
2685 -0.9584  0.0766  0.2751
2686 -0.8480  0.5126  0.1346
2687 -0.1123 -0.5903 -0.7993
2688  0.2053 -0.9782  0.0317
2689  0.8518  0.0704 -0.5191
2690 -0.9826  0.1520  0.1068
2691 -0.1605 -0.7573 -0.6330
2692  0.2647  0.3939  0.8802
2693  0.6814 -0.7074  0.1876
2694  0.6078  0.3667  0.7044
2695 -0.0220  0.5492  0.8354
2696 -0.7766  0.3216  0.5418
2697 -0.6052  0.1616  0.7795
2698 -0.4389 -0.5908  0.6770
2699 -0.1441 -0.8862 -0.4404
2700 -0.0934  0.9955  0.0131
2701 -0.0437  0.9502 -0.3086
2702  0.8482  0.4933 -0.1931
2703 -0.2291  0.7853  0.5751
2704 -0.3647  0.9297 -0.0513
2705  0.1732  0.0559  0.9833
2706 -0.6249  0.2666 -0.7337
2707  0.9339  0.0664  0.3513
2708  0.0155 -0.2767 -0.9608
2709 -0.1443 -0.8870  0.4386
2710  0.1368  0.4419  0.8866
2711 -0.5269  0.8151  0.2409
2712 -0.9461 -0.2765 -0.1683
2713 -0.1946  0.6499 -0.7347
2714 -0.5912  0.7888  0.1680
2715  0.9208 -0.3236  0.2179
2716 -0.6674  0.3980 -0.6294
2717  0.1767  0.6048 -0.7765
2718 -0.4624 -0.8811 -0.0990
2719  0.4904 -0.7100 -0.5054
2720 -0.8757 -0.4652 -0.1294
2721  0.8755 -0.2647 -0.4042
2722  0.7342 -0.5167 -0.4405
2723 -0.4123 -0.8668 -0.2805
2724 -0.0508  0.1069 -0.9930
2725  0.9902 -0.1351  0.0350
2726  0.1800  0.8672 -0.4644
2727 -0.9428  0.1885  0.2751
2728 -0.4908  0.8705  0.0381
2729 -0.0395  0.8556 -0.5161
2730 -0.5570 -0.7362 -0.3844
2731 -0.1695 -0.4183  0.8924
2732  0.3128 -0.1800  0.9326
2733  0.8372  0.2681 -0.4767
2734  0.7611 -0.0905 -0.6423
2735 -0.1670 -0.8352 -0.5239
2736  0.1969  0.2828  0.9388
2737  0.2361  0.6184  0.7495
2738 -0.3177 -0.0792  0.9449
2739  0.3750  0.0702  0.9244
2740  0.8802 -0.4720  0.0499
2741  0.8794  0.2465  0.4073
2742 -0.1086  0.6349  0.7649
2743  0.4690  0.1601 -0.8686
2744 -0.7973  0.0863 -0.5974
2745  0.3566  0.9339 -0.0270
2746 -0.9618 -0.2662 -0.0636
2747  0.2558  0.0310 -0.9662
2748 -0.7874 -0.6095 -0.0920
2749 -0.9084  0.0389  0.4163
2750  0.3722 -0.8254 -0.4245
2751 -0.8549  0.0105 -0.5186
2752 -0.6972 -0.3280 -0.6374
2753  0.2349 -0.6917  0.6830
2754  0.2477 -0.4302 -0.8681
2755 -0.7262  0.1948  0.6593
2756 -0.9204  0.2061  0.3321
2757 -0.9958  0.0117 -0.0912
2758  0.9257 -0.3601  0.1157
2759  0.5282  0.1577  0.8343
2760 -0.4307  0.8348 -0.3429
2761 -0.2557  0.9534 -0.1599
2762 -0.3914 -0.1526  0.9075
2763 -0.8673 -0.4626 -0.1840
2764  0.3443  0.1426 -0.9280
2765 -0.5109  0.1186  0.8514
2766 -0.8008  0.3940  0.4511
2767 -0.4488  0.6165 -0.6469
2768 -0.0754 -0.3358 -0.9389
2769  0.7007  0.3473 -0.6232
2770 -0.7811  0.0496  0.6224
2771  0.0572  0.2558 -0.9650
2772  0.4932  0.5220  0.6958
2773 -0.9876  0.0674  0.1417
2774  0.7042  0.2003  0.6812
2775 -0.2898 -0.2634  0.9201
2776  0.9302 -0.3542 -0.0961
2777  0.4136 -0.9028 -0.1178
2778  0.9732 -0.1912 -0.1276
2779 -0.3412 -0.5427  0.7675
2780 -0.9687  0.1837  0.1667
2781 -0.3839  0.1976 -0.9020
2782  0.7200  0.6887  0.0856
2783  0.3783  0.7811 -0.4968
2784  0.0077 -0.9445 -0.3285
2785  0.1066 -0.8778 -0.4669
2786  0.1419  0.9875 -0.0688
2787 -0.8821 -0.3350 -0.3311
2788 -0.8133 -0.3851 -0.4362
2789 -0.6568  0.7532  0.0364
2790  0.9627 -0.0294  0.2689
2791  0.6119 -0.7801  0.1302
2792 -0.9533  0.1940 -0.2314
2793  0.2844  0.8707 -0.4013
2794 -0.2098 -0.8030 -0.5578
2795 -0.4217 -0.7993  0.4282
2796 -0.9434  0.1098  0.3128
2797  0.1628 -0.8263 -0.5393
2798  0.4131 -0.4440  0.7951
2799 -0.9113 -0.3704 -0.1799
2800 -0.7080  0.3836  0.5930
2801  0.8842  0.3389  0.3213
2802  0.2657 -0.2665  0.9265
2803  0.9405  0.2954  0.1681
2804  0.3135 -0.9128 -0.2619
2805  0.8222 -0.2288 -0.5211
2806 -0.1313  0.5750 -0.8075
2807  0.0201 -0.3753  0.9267
2808 -0.7317 -0.6784 -0.0670
2809  0.6607 -0.5761  0.4812
2810  0.9392 -0.0251 -0.3424
2811  0.8014  0.3805  0.4615
2812 -0.1064  0.7212  0.6845
2813  0.9833  0.1213 -0.1359
2814  0.6621 -0.1645  0.7312
2815  0.7383 -0.0199  0.6742
2816  0.1587 -0.9702 -0.1831
2817  0.5553 -0.7917 -0.2547
2818 -0.1425 -0.3027  0.9424
2819  0.4608 -0.7665 -0.4473
2820 -0.9855 -0.0062  0.1693
2821 -0.4247  0.1239 -0.8968
2822 -0.7640  0.1922 -0.6160
2823 -0.9330 -0.0680  0.3535
2824 -0.3045 -0.8065 -0.5067
2825 -0.1655 -0.7884 -0.5925
2826  0.7874  0.3535  0.5050
2827 -0.7083  0.5857 -0.3941
2828  0.6342  0.5588 -0.5343
2829 -0.8806  0.2541 -0.4000
2830 -0.3588  0.8194  0.4470
2831 -0.7989 -0.1472  0.5832
2832  0.2589  0.3244 -0.9098
2833  0.0647 -0.7210  0.6899
2834  0.7694 -0.6316  0.0955
2835 -0.8388 -0.2785 -0.4679
2836  0.7779 -0.3467  0.5241
2837  0.5034 -0.2569  0.8250
2838  0.0990  0.9597  0.2629
2839 -0.5512  0.4966 -0.6705
2840 -0.4583  0.2161  0.8621
2841  0.1078  0.3377 -0.9350
2842  0.4057  0.6668  0.6251
2843 -0.2690 -0.9593 -0.0859
2844  0.4373  0.5988 -0.6710
2845  0.9039 -0.4229 -0.0647
2846 -0.3187  0.7851 -0.5311
2847  0.6789 -0.6701 -0.3001
2848  0.2864  0.9362 -0.2040
2849  0.5464 -0.4753  0.6896
2850 -0.2159 -0.9580 -0.1887
2851 -0.9026  0.3009  0.3080
2852  0.9655 -0.1938  0.1738
2853  0.3363 -0.9127  0.2320
2854  0.2417  0.9096 -0.3380
2855 -0.7400 -0.5039  0.4455
2856 -0.8813 -0.1943  0.4307
2857 -0.3873 -0.2609  0.8843
2858 -0.9612 -0.1075 -0.2542
2859 -0.2012  0.9159  0.3474
2860 -0.5182 -0.8371  0.1753
2861 -0.8934 -0.3171  0.3183
2862 -0.1594 -0.3064 -0.9385
2863  0.1641 -0.9250 -0.3426
2864  0.0787  0.1300  0.9884
2865 -0.3688 -0.7750  0.5133
2866  0.0907  0.0488  0.9947
2867 -0.3259 -0.7527  0.5720
2868  0.4837  0.1049 -0.8689
2869  0.3248  0.6865 -0.6506
2870  0.8243 -0.3418  0.4513
2871 -0.3238 -0.6363  0.7002
2872 -0.7686 -0.4454  0.4592
2873 -0.6408 -0.7227 -0.2589
2874  0.3827  0.2608 -0.8863
2875 -0.7868 -0.5277  0.3200
2876  0.7972 -0.5938 -0.1089
2877  0.7008  0.4505  0.5531
2878  0.1287  0.9403 -0.3150
2879  0.4269  0.4374 -0.7915
2880  0.8415  0.4491  0.3002
2881  0.3987 -0.7093  0.5813
2882 -0.2763 -0.5448 -0.7918
2883 -0.5293 -0.4508 -0.7188
2884 -0.8023 -0.5788  0.1458
2885  0.9695 -0.0996  0.2239
2886 -0.6250 -0.0767 -0.7768
2887 -0.6819 -0.6545 -0.3267
2888  0.6631  0.7136  0.2260
2889  0.0233  0.7632  0.6457
2890 -0.1151 -0.8062  0.5804
2891 -0.9648 -0.1707 -0.2000
2892 -0.7225  0.6685 -0.1761
2893  0.6001  0.7855  0.1514
2894 -0.0841 -0.9333  0.3492
2895  0.4940 -0.4433  0.7480
2896  0.0974 -0.5852  0.8050
2897  0.7322 -0.6390  0.2356
2898  0.1749 -0.9403 -0.2919
2899  0.6482  0.6310  0.4263
2900 -0.2111 -0.6926 -0.6898
2901  0.8220  0.1219 -0.5563
2902 -0.6861  0.2401  0.6867
2903 -0.6187  0.2631  0.7402
2904  0.5859 -0.7072 -0.3957
2905 -0.7119  0.6721  0.2040
2906  0.6318 -0.1245  0.7650
2907 -0.7606 -0.3059  0.5726
2908 -0.0672  0.7573 -0.6495
2909  0.6075  0.1408 -0.7817
2910  0.3568 -0.2294 -0.9056
2911 -0.0695 -0.8708 -0.4868
2912 -0.0361  0.9165 -0.3984
2913  0.0841 -0.8503 -0.5196
2914 -0.7828 -0.6189  0.0656
2915 -0.8412 -0.4363  0.3194
2916  0.6432  0.1539 -0.7500
2917  0.3741  0.7538  0.5402
2918 -0.2824 -0.8403  0.4627
2919  0.1454  0.9754 -0.1654
2920  0.2011 -0.2495 -0.9472
2921 -0.2709  0.6363  0.7223
2922 -0.3702 -0.7233 -0.5829
2923 -0.0520 -0.4424 -0.8953
2924 -0.3873 -0.8902 -0.2398
2925  0.4113 -0.1195 -0.9036
2926  0.7784 -0.6275  0.0215
2927 -0.6563  0.6699 -0.3470
2928  0.2036 -0.6598 -0.7233
2929 -0.3330  0.3915 -0.8578
2930  0.3632 -0.6091  0.7050
2931  0.7725  0.3571 -0.5251
2932  0.9265 -0.0337  0.3748
2933  0.4626  0.3105 -0.8304
2934 -0.2315 -0.9086  0.3476
2935  0.4131 -0.8392  0.3536
2936  0.5933  0.7397 -0.3176
2937  0.1954  0.1964 -0.9609
2938 -0.6722 -0.1294 -0.7289
2939 -0.1890 -0.9125 -0.3628
2940 -0.6166 -0.5912  0.5199
2941 -0.7711  0.3080 -0.5572
2942  0.0005  0.4227  0.9063
2943  0.4788 -0.4146 -0.7738
2944 -0.1042  0.0971  0.9898
2945  0.6803  0.4940 -0.5414
2946  0.8875 -0.2110  0.4096
2947  0.8320 -0.5486  0.0825
2948 -0.6835  0.7221 -0.1069
2949  0.3716  0.8762  0.3070
2950 -0.0725 -0.6460 -0.7599
2951  0.6953  0.1342  0.7061
2952  0.7292  0.6145  0.3012
2953  0.0344 -0.8464  0.5315
2954 -0.2697 -0.4775 -0.8362
2955 -0.3463 -0.2404 -0.9068
2956  0.6460  0.5180  0.5607
2957  0.8413  0.4390 -0.3154
2958 -0.8189 -0.5630 -0.1112
2959  0.6264  0.2447 -0.7401
2960  0.8540 -0.5080 -0.1125
2961 -0.1724  0.3800  0.9088
2962  0.1084  0.5497 -0.8283
2963 -0.8750 -0.4784  0.0736
2964 -0.9204  0.3676 -0.1333
2965  0.0533  0.9969 -0.0570
2966  0.6377  0.2328  0.7343
2967  0.2058 -0.4995 -0.8415
2968  0.1397 -0.9768  0.1625
2969 -0.8335 -0.0745  0.5474
2970 -0.5758  0.0799 -0.8137
2971  0.5941  0.5614  0.5760
2972 -0.2508  0.4567 -0.8536
2973  0.3773 -0.5736 -0.7270
2974 -0.4753 -0.2133  0.8536
2975 -0.2194  0.3316 -0.9175
2976 -0.3768  0.2828 -0.8821
2977 -0.9685 -0.2175  0.1210
2978  0.6753  0.5608 -0.4790
2979 -0.5733  0.7184 -0.3941
2980 -0.4250  0.7956 -0.4317
2981 -0.6224 -0.5521 -0.5548
2982  0.6809 -0.0574  0.7301
2983 -0.9792 -0.1080  0.1715
2984 -0.6001 -0.0470  0.7986
2985  0.2414  0.7087  0.6629
2986  0.5599  0.1360 -0.8173
2987 -0.4864  0.5749  0.6579
2988 -0.4866 -0.0209  0.8734
2989 -0.5866  0.5549  0.5898
2990  0.8363 -0.5231 -0.1641
2991  0.3304  0.4817 -0.8116
2992 -0.0621 -0.0733 -0.9954
2993  0.4702 -0.8013  0.3698
2994 -0.6617  0.6043  0.4439
2995 -0.9448  0.0524  0.3234
2996 -0.5692 -0.7119  0.4113
2997 -0.8227  0.4695  0.3207
2998  0.1002  0.1781  0.9789
2999 -0.2217 -0.2582 -0.9403
3000 -0.7133  0.5195 -0.4705
3001  0.1225  0.7965 -0.5921
3002 -0.1241  0.5234  0.8430
3003  0.9660 -0.0920 -0.2416
3004  0.7025  0.3416  0.6243
3005 -0.8476 -0.3153  0.4268
3006  0.0020 -0.4971  0.8677
3007  0.3265 -0.9418 -0.0797
3008  0.4612  0.8856 -0.0552
3009  0.5040  0.0009 -0.8637
3010  0.5036  0.7223 -0.4740
3011  0.8090  0.5835 -0.0712
3012  0.7925 -0.0571  0.6072
3013  0.8434  0.5057  0.1813
3014 -0.5158  0.6871  0.5117
3015 -0.7750  0.4707  0.4216
3016 -0.6920  0.0638  0.7191
3017 -0.8061  0.3555 -0.4731
3018  0.9581 -0.0214 -0.2856
3019  0.8987 -0.2151 -0.3821
3020 -0.9095 -0.0798 -0.4080
3021 -0.4684  0.6848 -0.5582
3022 -0.5092 -0.0069 -0.8606
3023  0.5697 -0.8203  0.0502
3024 -0.0459  0.6253 -0.7791
3025 -0.7173 -0.2047  0.6660
3026 -0.7396 -0.4226 -0.5238
3027 -0.9094  0.2915 -0.2966
3028 -0.3939  0.0989  0.9138
3029 -0.9727  0.2247  0.0579
3030 -0.5844  0.0585  0.8093
3031  0.4607  0.8691 -0.1800
3032  0.5966 -0.7713  0.2218
3033  0.8420  0.4896  0.2266
3034 -0.6182 -0.0241 -0.7857
3035  0.2890 -0.5163 -0.8061
3036  0.3752 -0.4889 -0.7875
3037 -0.0531  0.8181 -0.5726
3038  0.7089  0.6006  0.3698
3039 -0.8941  0.3750  0.2449
3040  0.4640  0.2172 -0.8588
3041 -0.8349  0.2977 -0.4629
3042  0.2312  0.9672 -0.1051
3043  0.6014  0.3559 -0.7153
3044  0.7283  0.0622  0.6824
3045 -0.6808  0.7204  0.1324
3046  0.6421  0.6870  0.3402
3047  0.5354 -0.8241  0.1849
3048  0.4440 -0.8817  0.1593
3049 -0.1715  0.7630 -0.6233
3050  0.8051 -0.4714 -0.3601
3051  0.1737 -0.6452  0.7440
3052  0.8969  0.3591  0.2581
3053 -0.7325  0.2639  0.6275
3054  0.3648  0.9158 -0.1680
3055  0.5880 -0.8059 -0.0694
3056  0.5431  0.8019  0.2489
3057  0.9212  0.2513  0.2970
3058 -0.2984  0.9225  0.2448
3059  0.6422  0.4935 -0.5865
3060  0.5358  0.8400  0.0857
3061 -0.3974 -0.6738  0.6229
3062  0.6173  0.7531 -0.2276
3063 -0.5203  0.6091 -0.5986
3064  0.9556  0.2879  0.0620
3065  0.9256  0.0381 -0.3765
3066 -0.9469 -0.3205  0.0243
3067  0.1468  0.5274  0.8368
3068 -0.8734  0.4197 -0.2470
3069  0.4269  0.3351  0.8399
3070 -0.7319 -0.6588  0.1740
3071 -0.9896  0.1374 -0.0431
3072  0.7657  0.4515 -0.4581
