-0.3245 -0.3432 -0.8814
 0.2983  0.8086  0.5071
 0.3642 -0.1041  0.9255
 0.9007 -0.4159  0.1256
 0.5484  0.4899  0.6777
-0.1930 -0.9805 -0.0364
-0.8937 -0.2050  0.3991
-0.0408  0.8773 -0.4783
-0.4364  0.6668  0.6041
-0.5480  0.5645 -0.6172
 0.0909  0.4762 -0.8746
-0.8134 -0.5632  0.1456
 0.6690 -0.3080 -0.6765
 0.4432  0.2811 -0.8512
 0.9958  0.0244  0.0879
-0.0582 -0.9039 -0.4238
-0.6278  0.4231 -0.6534
 0.3809  0.9001  0.2116
 0.0726 -0.7167  0.6935
 0.2995 -0.7153 -0.6314
-0.7352 -0.4056  0.5431
 0.0771  0.9895  0.1221
-0.0055  0.8466  0.5322
-0.9261 -0.0290 -0.3761
 0.4303  0.7222  0.5416
 0.9232  0.2353 -0.3038
-0.4526  0.8233  0.3425
 0.2079 -0.6264  0.7512
-0.7025 -0.6952 -0.1527
 0.0399 -0.9894  0.1397
-0.5354  0.0516  0.8430
 0.8963  0.4340  0.0914
-0.4900 -0.8105 -0.3208
-0.3646  0.0962 -0.9262
-0.2075  0.8531 -0.4788
-0.5762 -0.8002 -0.1662
-0.7656  0.6377  0.0847
 0.9397 -0.2117 -0.2686
-0.5860 -0.3945  0.7078
 0.0793 -0.8189  0.5685
 0.9231  0.3213  0.2114
-0.2928  0.8928 -0.3423
 0.4232  0.6087  0.6711
-0.4265  0.9025  0.0604
 0.2244 -0.8253 -0.5182
-0.9853  0.1363 -0.1026
 0.0222  0.1052  0.9942
 0.1549 -0.9878  0.0127
-0.1321 -0.8243 -0.5505
 0.0362  0.7995 -0.5996
-0.4352 -0.4512  0.7791
-0.1526  0.2945 -0.9434
 0.7684  0.4791  0.4243
 0.5747 -0.8181 -0.0197
 0.0885 -0.5269 -0.8453
 0.5058 -0.7456  0.4338
-0.2607  0.2480  0.9330
-0.8075 -0.2499  0.5344
 0.9745 -0.1002  0.2006
 0.9535 -0.3005  0.0240
-0.6516  0.6303  0.4221
 0.8426  0.3534 -0.4063
 0.5119  0.8190  0.2591
-0.5823 -0.4383 -0.6847
 0.4957 -0.6462  0.5803
 0.3842 -0.7804 -0.4933
 0.1683 -0.2233 -0.9601
 0.3614 -0.9056  0.2221
-0.9312  0.3644  0.0043
 0.2788  0.6870 -0.6711
-0.7379  0.3371  0.5847
 0.5298  0.3517  0.7717
 0.1428 -0.7494 -0.6466
-0.0610  0.6979 -0.7136
 0.3708 -0.0206 -0.9285
-0.1590 -0.7072 -0.6889
-0.8606  0.2909 -0.4181
 0.3331 -0.5157  0.7894
 0.2164  0.2951  0.9306
-0.7620  0.0185  0.6473
 0.2051 -0.9441 -0.2581
-0.9113 -0.3115  0.2692
-0.8233  0.5315  0.1992
-0.2976  0.8821  0.3652
-0.6061  0.6352 -0.4788
-0.8606 -0.1305 -0.4922
-0.2353 -0.6146  0.7529
 0.8860 -0.4626 -0.0307
-0.8451  0.2258  0.4845
-0.5137  0.0545 -0.8562
-0.0883 -0.1530  0.9843
-0.0909 -0.9813 -0.1694
-0.8766 -0.3421 -0.3383
-0.4460 -0.6839 -0.5773
 0.1210  0.5438  0.8305
-0.5337  0.2193  0.8168
 0.1306 -0.9081 -0.3980
 0.7211  0.6778  0.1436
 0.3729 -0.7531  0.5420
 0.2436 -0.9084  0.3397
-0.6143 -0.2149  0.7592
-0.9685  0.0550 -0.2428
-0.5934  0.7439  0.3075
 0.4522  0.0510  0.8905
 0.5425  0.7281  0.4190
-0.4782  0.5316  0.6991
-0.6529  0.7442  0.1409
 0.3023  0.0437  0.9522
 0.5139 -0.1003  0.8520
 0.9769 -0.1808 -0.1138
 0.7125  0.0632  0.6988
-0.9241  0.3456  0.1631
 0.3713 -0.9009 -0.2248
 0.7164 -0.4981  0.4885
 0.2455 -0.4916 -0.8355
 0.3522  0.5640 -0.7469
-0.0396  0.1694 -0.9847
 0.9516  0.2746 -0.1380
-0.6468 -0.0471  0.7612
-0.9750  0.2183  0.0416
 0.5649  0.8237 -0.0492
-0.2692 -0.9466 -0.1775
-0.2849 -0.7639 -0.5791
 0.1775 -0.4931  0.8517
-0.9471  0.2899 -0.1379
 0.4724  0.8779  0.0786
 0.1794  0.9837 -0.0113
-0.2910 -0.1872 -0.9383
-0.9966 -0.0248 -0.0791
 0.3679  0.7570 -0.5399
-0.6708 -0.5938 -0.4443
-0.2121 -0.8984  0.3845
 0.7517  0.6478 -0.1236
 0.3437  0.1944  0.9187
 0.4596 -0.8193 -0.3428
 0.5129  0.5029 -0.6957
 0.3605  0.8912 -0.2754
-0.7379  0.1145 -0.6651
-0.0683 -0.8801  0.4698
-0.0825 -0.6788  0.7297
-0.7026 -0.6960  0.1481
 0.8138 -0.5780  0.0602
 0.1166  0.9779 -0.1734
 0.6353 -0.4506 -0.6272
 0.1902 -0.6311 -0.7520
-0.8352 -0.3654  0.4110
 0.7649 -0.0854  0.6385
 0.0849  0.0460 -0.9953
 0.8218 -0.5293  0.2109
-0.6092  0.1706 -0.7745
 0.4539 -0.3912  0.8006
-0.7178  0.6465  0.2584
-0.3656  0.9054  0.2158
 0.8759 -0.2381 -0.4197
 0.6899 -0.2368  0.6841
 0.6475 -0.0924  0.7565
 0.9309 -0.3398 -0.1340
 0.1284  0.1988 -0.9716
-0.3122  0.2579 -0.9144
 0.4855 -0.1189 -0.8661
 0.7338  0.4665 -0.4939
-0.5200  0.7174  0.4636
 0.3269 -0.9437  0.0511
 0.4144  0.4245 -0.8051
-0.0530 -0.9490  0.3108
-0.9408 -0.3385 -0.0172
-0.7187  0.5903 -0.3675
 0.6063 -0.7819  0.1452
 0.7697 -0.0085 -0.6383
-0.5519  0.3288 -0.7664
 0.8198  0.0603  0.5695
 0.2903  0.7078  0.6440
 0.4448  0.8047 -0.3933
-0.8851  0.3751 -0.2755
-0.3739  0.7874  0.4901
 0.4444  0.6393 -0.6276
-0.5180  0.8352  0.1848
-0.5996  0.7839 -0.1612
 0.7685  0.3513  0.5348
-0.4639 -0.5497 -0.6947
-0.7753 -0.2024 -0.5983
-0.4066 -0.0673 -0.9111
-0.4660  0.2172 -0.8577
-0.9570 -0.1465  0.2505
-0.2535 -0.0905  0.9631
 0.3359  0.9416  0.0239
 0.5533  0.6148  0.5620
-0.9736  0.0154  0.2279
-0.1669 -0.9366 -0.3080
 0.3010  0.2645 -0.9162
-0.9031  0.1292 -0.4096
-0.4775  0.4791 -0.7365
-0.7986  0.4466 -0.4034
 0.4295  0.8971 -0.1036
-0.7363 -0.6112  0.2903
 0.7323 -0.6350 -0.2460
-0.4389 -0.8899  0.1241
 0.7732  0.3127 -0.5516
-0.3682  0.9063 -0.2074
 0.9747  0.1143 -0.1922
-0.2312  0.4003  0.8867
 0.1127  0.7012 -0.7040
 0.9644  0.0589  0.2576
 0.2267 -0.7434  0.6293
 0.8637 -0.0893  0.4961
-0.6160  0.4408  0.6529
-0.0847  0.0112 -0.9963
-0.6486 -0.7611 -0.0075
 0.1374 -0.3498  0.9267
 0.8316 -0.1359 -0.5385
-0.5487 -0.1105 -0.8287
-0.9250  0.1122  0.3630
-0.3451 -0.9000  0.2664
-0.6915 -0.3219 -0.6467
-0.4876 -0.8263  0.2819
-0.9958  0.0630  0.0664
-0.1971  0.5407  0.8178
-0.1612  0.6676  0.7269
-0.0419 -0.3079  0.9505
 0.7504  0.2108  0.6265
 0.2573  0.1021 -0.9609
 0.3575 -0.6442  0.6761
-0.9916 -0.0951  0.0874
 0.6710 -0.6205 -0.4058
-0.9052  0.2664  0.3310
-0.9133 -0.1950 -0.3575
 0.0995 -0.9546  0.2808
 0.5892  0.0583  0.8059
-0.6965 -0.4526 -0.5568
 0.4736 -0.8749  0.1013
-0.7376 -0.6064 -0.2972
-0.8826  0.4533 -0.1245
-0.6256  0.7161 -0.3096
 0.4155  0.1308 -0.9001
-0.1237  0.7794  0.6142
-0.8366 -0.4698  0.2819
 0.4975 -0.5287 -0.6878
-0.1198  0.1828  0.9758
-0.1121 -0.9877  0.1090
-0.2052  0.1344 -0.9695
 0.0553 -0.8481 -0.5269
 0.0414 -0.0468  0.9980
 0.9888 -0.1424  0.0440
-0.3797 -0.7365  0.5598
 0.7933  0.5012 -0.3456
-0.3170  0.5260 -0.7892
-0.5784 -0.8037  0.1400
-0.1268 -0.1467 -0.9810
-0.6359 -0.6353  0.4382
 0.9727  0.1800  0.1464
 0.5355  0.0338 -0.8439
 0.0020 -0.2661 -0.9640
-0.5148 -0.8571 -0.0200
-0.7664 -0.0439 -0.6409
 0.0873  0.4071  0.9092
 0.2354 -0.8379  0.4924
-0.4788  0.8724 -0.0986
 0.2416  0.9580  0.1545
-0.2370 -0.7264  0.6452
 0.3282 -0.1795 -0.9274
-0.5129  0.7512 -0.4155
 0.8889 -0.3604  0.2828
-0.0891  0.3384  0.9368
-0.3991 -0.0176  0.9167
-0.2674  0.0823  0.9601
-0.5125  0.3814  0.7693
 0.5256 -0.8301 -0.1860
 0.1942 -0.0660  0.9787
-0.3260  0.6060  0.7256
-0.3451 -0.4967 -0.7964
 0.1395  0.9502  0.2786
-0.7015  0.4901  0.5173
 0.8636  0.0306 -0.5032
-0.6929  0.7200 -0.0384
-0.8117  0.3794  0.4440
-0.4068  0.1518  0.9008
-0.0329  0.9677  0.2501
 0.0140  0.5940 -0.8043
 0.9014  0.4266 -0.0741
-0.8677 -0.4972 -0.0007
 0.8578  0.3380  0.3873
 0.0187 -0.9572 -0.2888
 0.9545  0.2968  0.0299
 0.6360  0.7509 -0.1781
 0.9705 -0.0494 -0.2361
 0.5610 -0.2470  0.7901
-0.6363 -0.5208  0.5692
-0.2851  0.7294  0.6219
 0.5858 -0.2137 -0.7818
 0.5373 -0.3778 -0.7540
-0.0786 -0.7896  0.6086
-0.2277 -0.8221  0.5217
 0.7179 -0.4843 -0.5002
 0.4154 -0.2497  0.8747
 0.6055 -0.5178  0.6044
-0.6243 -0.7178 -0.3083
-0.5157 -0.6494  0.5589
 0.8479  0.2068  0.4882
 0.3818  0.3391  0.8598
-0.1911 -0.9526  0.2365
-0.8132 -0.3137 -0.4901
-0.0348 -0.4164 -0.9085
-0.8323 -0.4807 -0.2761
 0.4768 -0.5256  0.7046
 0.0491 -0.5923  0.8042
-0.1549  0.5690 -0.8076
 0.6672  0.6067 -0.4322
-0.2296  0.6686 -0.7073
 0.6778  0.0929 -0.7293
 0.9490 -0.2514  0.1903
 0.7836 -0.6143 -0.0926
 0.5922 -0.3867  0.7070
 0.6835  0.2551 -0.6839
-0.3398 -0.8858 -0.3160
 0.8667  0.1953 -0.4591
 0.9334 -0.0825  0.3492
 0.7033 -0.7106  0.0224
 0.4132  0.8236  0.3885
 0.5975  0.5631 -0.5709
 0.6562  0.4165 -0.6292
 0.2775  0.9497 -0.1450
-0.2503 -0.0267 -0.9678
-0.3731  0.8123 -0.4484
 0.4110  0.4769  0.7769
-0.5146 -0.5338  0.6710
-0.9692 -0.1090 -0.2210
-0.8127  0.1973 -0.5483
 0.0073  0.3268 -0.9451
-0.8631  0.4131  0.2904
-0.7403 -0.1425  0.6570
-0.5787 -0.5767 -0.5766
 0.8850 -0.3679 -0.2854
 0.0533  0.2601  0.9641
-0.1109 -0.5422  0.8329
-0.4892 -0.2968  0.8201
 0.8216  0.5701 -0.0053
 0.4960  0.2057  0.8436
-0.3010  0.7510 -0.5877
-0.7596  0.3551 -0.5449
-0.0143 -0.9996 -0.0250
-0.3170  0.9466 -0.0578
-0.1641 -0.3008 -0.9395
-0.3623  0.4674  0.8064
 0.5063  0.8308 -0.2313
 0.8486  0.4531  0.2731
-0.4652 -0.3907 -0.7943
-0.2608  0.9608  0.0938
-0.1675 -0.4033  0.8996
-0.1981  0.9490  0.2453
 0.6319  0.2116  0.7456
 0.1497  0.6698  0.7273
-0.3966 -0.7956 -0.4580
-0.3309 -0.6481 -0.6860
-0.5080 -0.7474  0.4281
 0.2798  0.8982  0.3390
-0.6487  0.0085 -0.7610
-0.7666 -0.6422  0.0040
 0.8061 -0.4709  0.3585
-0.0191 -0.7648 -0.6440
 0.9238  0.2018  0.3252
 0.2032  0.9293 -0.3083
 0.2878  0.8546 -0.4322
-0.8114  0.5288 -0.2490
 0.7233 -0.6663  0.1813
 0.0214 -0.6594 -0.7515
 0.1685  0.3454 -0.9232
-0.3814 -0.6171  0.6882
 0.6410 -0.0617 -0.7651
 0.1287 -0.3794 -0.9162
-0.6572  0.1191  0.7442
-0.8480  0.0337 -0.5289
-0.2403 -0.8648 -0.4409
 0.1908  0.5840 -0.7890
-0.5738  0.8187  0.0197
 0.2533  0.4433  0.8599
 0.6376  0.7156  0.2851
 0.6588  0.3558  0.6629
-0.3364 -0.3434  0.8769
-0.3993  0.3757 -0.8363
-0.1226  0.0113  0.9924
-0.5459 -0.7054 -0.4521
-0.9810 -0.1855 -0.0561
 0.5333 -0.7148 -0.4524
 0.2688  0.4460 -0.8537
-0.9608 -0.2511  0.1175
 0.2522 -0.2249  0.9412
 0.5249  0.6943 -0.4924
-0.3789 -0.1886  0.9060
 0.1241  0.8791 -0.4602
 0.4495 -0.6630 -0.5987
-0.5161 -0.1190  0.8482
 0.8164 -0.3846 -0.4309
-0.2094  0.9568 -0.2018
 0.7138 -0.3717  0.5935
 0.7876 -0.5152 -0.3381
 0.5627  0.3505 -0.7487
-0.2150 -0.2512  0.9437
 0.1640  0.8747  0.4560
-0.7245  0.6610 -0.1957
-0.6446  0.2826  0.7104
-0.8046  0.5892 -0.0733
 0.5897 -0.5912 -0.5502
 0.1466  0.7890  0.5966
-0.8664  0.4964  0.0546
 0.6613 -0.7374 -0.1375
 0.8974 -0.2283  0.3776
-0.1340  0.7854 -0.6043
-0.3932  0.3155  0.8636
-0.9374  0.2116 -0.2767
-0.1534  0.9869 -0.0498
 0.2821  0.5796  0.7645
 0.2876 -0.3387 -0.8959
-0.0764  0.4545 -0.8875
 0.8887  0.3862 -0.2472
-0.8555  0.0686  0.5132
 0.0878 -0.8986  0.4298
 0.8313  0.5244 -0.1842
 0.9889  0.1460 -0.0281
-0.0547  0.4829  0.8740
 0.6689  0.4897  0.5593
 0.5999  0.7904  0.1241
 0.3796 -0.8382  0.3915
 0.6182 -0.6318  0.4676
 0.4405 -0.2812 -0.8526
 0.4955 -0.8257  0.2696
-0.9214 -0.0450  0.3860
 0.3003 -0.3747  0.8772
-0.6899  0.5023 -0.5213
 0.8184 -0.3466  0.4584
-0.7612  0.1792  0.6232
 0.9327  0.0769 -0.3522
-0.9628  0.1796  0.2018
-0.0471  0.9802 -0.1925
 0.2683 -0.9576 -0.1048
-0.4556  0.6937 -0.5579
-0.6959 -0.3020  0.6516
-0.8432 -0.0907  0.5300
-0.8977 -0.4143 -0.1496
-0.7462 -0.5147  0.4221
-0.4818  0.8296 -0.2822
-0.4340 -0.8834 -0.1768
 0.0286  0.9187  0.3939
-0.1252  0.9303 -0.3447
-0.3894  0.6190 -0.6821
 0.7282 -0.1618 -0.6660
 0.6054 -0.7370 -0.3007
 0.1755  0.1312  0.9757
-0.1972 -0.4482 -0.8719
 0.2150 -0.9623  0.1664
 0.5899  0.7314 -0.3423
 0.6594  0.6124  0.4361
-0.5760  0.5868  0.5691
 0.9039  0.0645  0.4228
-0.2873 -0.9522  0.1036
 0.0417 -0.1106 -0.9930
-0.3672 -0.8304  0.4191
 0.5682  0.1877 -0.8012
-0.8100 -0.5700 -0.1380
 0.4321 -0.8993 -0.0671
-0.6914  0.2718 -0.6693
-0.0946  0.9903  0.1018
-0.3642 -0.9306 -0.0366
 0.8165  0.5572  0.1515
 0.7477  0.5924  0.3000
 0.3963 -0.4421 -0.8047
 0.0141  0.9993 -0.0352
-0.7772 -0.4639 -0.4252
 0.3489 -0.5884 -0.7294
-0.1274  0.9097  0.3952
 0.2106 -0.0615 -0.9756
-0.0712 -0.5593 -0.8259
-0.2897 -0.4903  0.8220
-0.9429 -0.2685 -0.1971
 0.0117 -0.4512  0.8924
-0.2135 -0.5908 -0.7780
-0.9010 -0.4118  0.1361
 0.0851 -0.2034  0.9754
-0.0196  0.6153  0.7880
 0.8480 -0.4964 -0.1855
 0.7188  0.6353 -0.2824
 0.0399  0.9426 -0.3314
 0.2025  0.7927 -0.5749
-0.4434 -0.2306 -0.8661
-0.5771 -0.2780 -0.7679
-0.2387  0.4169 -0.8771
 0.7858  0.1517 -0.5996
 0.0125  0.7349  0.6780
 0.7723 -0.3027 -0.5585
 0.8021 -0.2242  0.5535
 0.3019 -0.8753 -0.3777
-0.2132  0.8377  0.5028
-0.7663  0.5273  0.3671
-0.6190 -0.7277  0.2954
 0.7196 -0.6062  0.3385
 0.6913  0.7226 -0.0028
-0.6721 -0.1559 -0.7239
 0.0946 -0.9848 -0.1456
 0.9969 -0.0160 -0.0764
 0.6158 -0.7251  0.3083
 0.9165 -0.0830 -0.3914