   1  0.4876 -0.8629  0.1332
   2  0.8985 -0.2699  0.3461
   3  0.3243 -0.9416  0.0909
   4 -0.4592 -0.5280  0.7143
   5 -0.4929 -0.3550  0.7944
   6  0.1573 -0.5275  0.8348
   7 -0.3708  0.1333  0.9191
   8 -0.1803  0.9072 -0.3801
   9 -0.3466 -0.2576  0.9020
  10  0.9188 -0.0787  0.3869
  11  0.0943 -0.9000 -0.4255
  12 -0.8482  0.2683  0.4567
  13  0.4691  0.5699  0.6746
  14 -0.9298 -0.3517 -0.1087
  15  0.4470 -0.8928 -0.0549
  16 -0.0129  0.8907 -0.4544
  17  0.1490 -0.9884  0.0286
  18  0.9184  0.0801 -0.3875
  19 -0.3000  0.9478  0.1076
  20 -0.6383  0.1294  0.7588
  21 -0.9402 -0.1107  0.3221
  22 -0.0119  0.5038  0.8637
  23  0.3065  0.7394 -0.5994
  24 -0.4204 -0.5721 -0.7042
  25 -0.0144 -0.1180 -0.9929
  26  0.5995  0.1976  0.7756
  27 -0.5002 -0.8548  0.1384
  28  0.7480 -0.6625  0.0388
  29 -0.3288 -0.7141 -0.6180
  30  0.6362 -0.7528  0.1690
  31  0.5473  0.3926  0.7391
  32  0.0023 -0.6228  0.7824
  33  0.2834  0.3319  0.8997
  34 -0.0307 -0.8334 -0.5518
  35  0.2876  0.6277  0.7234
  36 -0.4925 -0.6871 -0.5342
  37 -0.7508 -0.3515  0.5593
  38  0.3179  0.8913  0.3234
  39  0.1618 -0.6889  0.7066
  40 -0.5575  0.4234 -0.7141
  41  0.2013  0.9651 -0.1674
  42  0.5407  0.2773 -0.7942
  43 -0.4707 -0.7358  0.4870
  44 -0.8658 -0.0754  0.4947
  45 -0.0353  0.7906 -0.6113
  46 -0.1625 -0.9867 -0.0068
  47 -0.1349  0.6064  0.7836
  48  0.6076 -0.7941 -0.0132
  49  0.3846 -0.3738 -0.8440
  50 -0.6209  0.0947 -0.7781
  51  0.9977 -0.0122  0.0673
  52 -0.7116 -0.6555 -0.2528
  53  0.3814  0.4617  0.8008
  54  0.0630 -0.2924 -0.9542
  55 -0.9300  0.3672  0.0138
  56  0.9883  0.1507 -0.0248
  57  0.4942 -0.0391 -0.8685
  58 -0.3953 -0.8090 -0.4350
  59 -0.1428  0.9894 -0.0274
  60 -0.1550 -0.9684 -0.1953
  61  0.5390 -0.6801 -0.4969
  62 -0.0002 -0.4576 -0.8892
  63  0.7139 -0.4121 -0.5661
  64  0.4880 -0.5967  0.6370
  65 -0.0325 -0.0673  0.9972
  66  0.4585 -0.4690  0.7549
  67 -0.9305  0.3256 -0.1681
  68 -0.6202  0.3318  0.7108
  69 -0.5747 -0.5394 -0.6155
  70 -0.1744 -0.3524  0.9195
  71  0.2679 -0.9585 -0.0978
  72 -0.3500  0.3378  0.8737
  73 -0.1998  0.8142 -0.5451
  74 -0.3355  0.9045 -0.2632
  75  0.3134 -0.0394  0.9488
  76  0.9093  0.2642 -0.3215
  77  0.0216 -0.9954 -0.0929
  78 -0.4906  0.7812  0.3861
  79 -0.1839  0.8056  0.5632
  80  0.4746 -0.1051  0.8739
  81  0.6137  0.4042 -0.6782
  82  0.8203  0.4069 -0.4020
  83  0.3308 -0.9030  0.2741
  84  0.0761  0.6406  0.7641
  85  0.4481  0.2722  0.8515
  86  0.2132  0.9768  0.0179
  87 -0.1725 -0.9102  0.3766
  88 -0.4036  0.4159 -0.8149
  89 -0.9410 -0.3291  0.0790
  90 -0.4428  0.5979  0.6682
  91 -0.6163 -0.4390  0.6538
  92  0.9168  0.1321  0.3769
  93 -0.1241  0.9804  0.1528
  94  0.8144 -0.4252 -0.3949
  95 -0.3808 -0.0929 -0.9200
  96 -0.7357  0.3939  0.5509
  97  0.3042  0.1474  0.9411
  98 -0.6469  0.6868  0.3314
  99  0.0299  0.9942 -0.1037
 100  0.1681 -0.8130  0.5574
 101 -0.8878 -0.3548 -0.2932
 102 -0.1178  0.5365 -0.8356
 103 -0.0553  0.3093  0.9493
 104  0.6327 -0.6941  0.3433
 105  0.6031  0.7222  0.3387
 106  0.8511 -0.4420  0.2834
 107 -0.8142 -0.3406 -0.4702
 108  0.3324 -0.7192  0.6101
 109  0.0017 -0.7705  0.6374
 110  0.8323 -0.5468 -0.0907
 111  0.4689  0.0832  0.8793
 112  0.5450  0.6590  0.5184
 113  0.3388  0.8348 -0.4340
 114  0.8797 -0.1006 -0.4648
 115  0.1295  0.9079  0.3987
 116 -0.5030  0.2378  0.8309
 117 -0.9706  0.2126  0.1127
 118 -0.6164  0.7874  0.0040
 119 -0.9257  0.2462  0.2872
 120 -0.1842 -0.4502 -0.8737
 121  0.3584  0.9241  0.1327
 122  0.5519 -0.8105 -0.1964
 123 -0.4755  0.4322  0.7662
 124  0.3306 -0.5357 -0.7770
 125 -0.3094  0.8481  0.4301
 126 -0.5971  0.5763 -0.5579
 127  0.3741  0.7175  0.5875
 128  0.4263  0.1419 -0.8934
 129  0.7448  0.3538 -0.5657
 130  0.1323  0.7436 -0.6554
 131  0.2567  0.8279  0.4986
 132  0.6651 -0.4629  0.5860
 133  0.6594 -0.2965 -0.6908
 134 -0.7511  0.6172 -0.2343
 135 -0.7207  0.5543 -0.4164
 136  0.7653 -0.1412 -0.6280
 137 -0.7496  0.6601 -0.0486
 138  0.7600  0.4080  0.5059
 139  0.6902  0.5188 -0.5045
 140  0.3144 -0.5871  0.7459
 141  0.6573  0.7520 -0.0493
 142 -0.2320  0.3981 -0.8875
 143 -0.4462 -0.8632 -0.2363
 144  0.1091  0.3810  0.9181
 145 -0.6411 -0.0792  0.7634
 146 -0.7534  0.0124  0.6575
 147 -0.3628 -0.0654  0.9296
 148 -0.1833 -0.9645  0.1903
 149 -0.9384 -0.0262 -0.3446
 150 -0.7894 -0.5088 -0.3435
 151 -0.8355  0.5431  0.0835
 152 -0.9831 -0.1781 -0.0418
 153  0.8389  0.2193 -0.4982
 154  0.5215  0.8392 -0.1541
 155 -0.2488 -0.5946 -0.7645
 156 -0.0651 -0.6054 -0.7933
 157 -0.7068 -0.0650 -0.7044
 158 -0.7662 -0.1740  0.6186
 159 -0.6444 -0.7331  0.2174
 160 -0.6182  0.6929 -0.3712
 161  0.5947 -0.3658  0.7159
 162 -0.2011 -0.1085 -0.9735
 163 -0.4863  0.7123 -0.5061
 164 -0.9784  0.0464  0.2015
 165 -0.3440 -0.7123  0.6118
 166  0.4347 -0.6180 -0.6551
 167 -0.9258  0.0787  0.3698
 168 -0.5137  0.0299  0.8574
 169 -0.2183  0.9291  0.2985
 170  0.9243 -0.3798 -0.0372
 171  0.0497 -0.7274 -0.6844
 172  0.8144  0.2101  0.5409
 173  0.8146  0.4776  0.3290
 174 -0.8276  0.4234  0.3687
 175 -0.7432  0.2216  0.6313
 176  0.7056 -0.6936 -0.1452
 177 -0.3520  0.8248 -0.4426
 178 -0.2083  0.0313  0.9776
 179 -0.9540 -0.1911 -0.2312
 180 -0.6687  0.2592 -0.6969
 181  0.2844 -0.8682 -0.4066
 182  0.8643  0.4495 -0.2257
 183  0.3250 -0.8334  0.4469
 184  0.2357  0.1816 -0.9547
 185  0.4757 -0.7342  0.4845
 186  0.6934 -0.5672 -0.4443
 187  0.1886 -0.4494 -0.8732
 188  0.5902 -0.5332 -0.6060
 189  0.9026 -0.2576 -0.3448
 190  0.1058  0.0460 -0.9933
 191  0.7528  0.5730 -0.3240
 192 -0.5670  0.7992  0.1992
 193 -0.6239 -0.6718  0.3992
 194 -0.7759 -0.2037 -0.5971
 195  0.5209 -0.4343 -0.7349
 196  0.4656 -0.2890  0.8364
 197 -0.7113  0.6888  0.1397
 198 -0.2252 -0.8285 -0.5127
 199  0.0320  0.2145 -0.9762
 200  0.0389  0.8366  0.5464
 201  0.9697  0.1792  0.1663
 202  0.3650 -0.7582 -0.5403
 203  0.9540 -0.0778 -0.2894
 204  0.6343 -0.7013 -0.3254
 205  0.3741  0.9250 -0.0656
 206 -0.3481  0.2453 -0.9048
 207  0.0818  0.5076 -0.8577
 208  0.7698  0.6364  0.0497
 209  0.7405  0.6271  0.2417
 210 -0.7647  0.0937 -0.6375
 211  0.7200  0.0327 -0.6932
 212 -0.5539 -0.7599 -0.3403
 213  0.5216 -0.2508 -0.8155
 214  0.1606  0.3481 -0.9236
 215  0.9139  0.3369  0.2262
 216 -0.2952 -0.2743 -0.9152
 217 -0.6404 -0.7673  0.0334
 218 -0.0166 -0.9937  0.1112
 219  0.9927 -0.0451 -0.1119
 220 -0.0412  0.3796 -0.9242
 221  0.1524 -0.3434  0.9268
 222  0.1765 -0.1226 -0.9766
 223 -0.4021  0.8800  0.2527
 224 -0.0896  0.0572 -0.9943
 225  0.4692  0.7118 -0.5226
 226  0.0058  0.6513 -0.7588
 227  0.8565  0.4964  0.1413
 228  0.8565 -0.5073  0.0951
 229 -0.1588  0.9656 -0.2058
 230 -0.0100 -0.9542  0.2989
 231 -0.0919  0.8968  0.4329
 232  0.0142 -0.9635 -0.2675
 233  0.9653 -0.1626  0.2045
 234  0.9580 -0.2337 -0.1663
 235 -0.2160  0.2259  0.9499
 236  0.4900  0.8386  0.2380
 237 -0.0191 -0.2577  0.9660
 238 -0.9823  0.1750 -0.0668
 239 -0.6246 -0.2262 -0.7474
 240  0.0008  0.9590  0.2833
 241  0.1449 -0.1574  0.9768
 242 -0.4869 -0.8723 -0.0458
 243 -0.8022  0.3974 -0.4456
 244 -0.8207 -0.4245  0.3823
 245  0.8480  0.0238  0.5295
 246 -0.6903  0.4195 -0.5895
 247 -0.1631  0.2303 -0.9594
 248  0.1574 -0.9067  0.3914
 249 -0.6974 -0.5227  0.4903
 250 -0.9878 -0.0187 -0.1548
 251 -0.6423 -0.6336 -0.4313
 252  0.6926  0.3084  0.6521
 253 -0.8664 -0.4993  0.0129
 254  0.3606  0.8974 -0.2540
 255  0.9424  0.3319  0.0410
 256 -0.1455 -0.7303 -0.6675
 257 -0.2781  0.0704 -0.9580
 258 -0.8422  0.1033  0.5292
 259  0.2800  0.4714 -0.8362
 260 -0.8449  0.4588 -0.2750
 261  0.1757 -0.8073 -0.5633
 262 -0.3211 -0.9397 -0.1177
 263  0.5486  0.5684 -0.6131
 264 -0.4654  0.8832  0.0584
 265 -0.3370 -0.9388  0.0716
 266 -0.3128  0.5262  0.7908
 267  0.3103 -0.4133  0.8561
 268  0.9694  0.0206  0.2445
 269 -0.0527  0.7373  0.6735
 270 -0.5284 -0.4047 -0.7464
 271 -0.7970  0.2487 -0.5504
 272  0.8853 -0.4098 -0.2196
 273 -0.8606 -0.2514  0.4430
 274 -0.3389  0.7073 -0.6204
 275  0.8134 -0.2715 -0.5145
 276  0.7992 -0.3699  0.4738
 277  0.1994  0.5150  0.8336
 278 -0.9183 -0.2944  0.2647
 279 -0.3271 -0.4347  0.8391
 280 -0.0106 -0.8768  0.4807
 281 -0.1545 -0.6967  0.7005
 282 -0.9581  0.1385 -0.2509
 283  0.1829  0.9597  0.2133
 284 -0.7036  0.5496  0.4505
 285  0.6095 -0.6106  0.5057
 286 -0.4562  0.0861 -0.8857
 287 -0.8949  0.4025  0.1927
 288  0.2442 -0.2863 -0.9265
 289  0.9798 -0.1993  0.0165
 290 -0.2825 -0.9040 -0.3208
 291 -0.4562  0.5759 -0.6784
 292  0.4421  0.7914  0.4223
 293  0.5168  0.8551  0.0421
 294 -0.9996  0.0114  0.0263
 295 -0.5455 -0.6052  0.5797
 296 -0.3890  0.7378  0.5517
 297 -0.5998  0.5031  0.6222
 298 -0.5043 -0.1711  0.8464
 299  0.8685  0.3027  0.3925
 300 -0.8573  0.5055 -0.0971
 301  0.6505  0.7207 -0.2398
 302 -0.4655 -0.2540 -0.8478
 303  0.8279  0.0513 -0.5585
 304 -0.3219  0.9434 -0.0800
 305  0.7326  0.1078  0.6721
 306 -0.1097 -0.9123 -0.3945
 307 -0.7811  0.5658  0.2642
 308 -0.2952  0.5628 -0.7721
 309  0.1263  0.2066  0.9702
 310  0.7478 -0.0812  0.6590
 311 -0.7539 -0.5840  0.3010
 312 -0.8411 -0.5140 -0.1687
 313  0.6156  0.6652 -0.4226
 314  0.9429  0.3016 -0.1411
 315  0.1607 -0.9638  0.2129
 316  0.1901 -0.9483 -0.2542
 317 -0.4863  0.8639 -0.1312
 318 -0.9787 -0.1470  0.1432
 319 -0.1858  0.4279  0.8845
 320 -0.1723  0.6879 -0.7050
 321  0.6325 -0.1137 -0.7661
 322 -0.6104 -0.7770 -0.1540
 323 -0.0441  0.1219  0.9916
 324  0.5009  0.7954 -0.3413
 325 -0.1940 -0.1627  0.9674
 326  0.7292 -0.2741  0.6270
 327  0.6920  0.5786  0.4317
 328  0.2097  0.6173 -0.7583
 329  0.4675 -0.8003 -0.3754
 330  0.7764 -0.5692 -0.2707
 331 -0.8623 -0.4665  0.1970
 332 -0.5177  0.2574 -0.8159
 333  0.1833  0.9209 -0.3440
 334 -0.3008 -0.5983  0.7427
 335 -0.2636  0.6839  0.6802
 336 -0.6806 -0.3608 -0.6376
 337 -0.8951  0.2741 -0.3516
 338  0.4561  0.4486 -0.7686
 339 -0.5577  0.6537  0.5116
 340  0.5916  0.1027 -0.7996
 341  0.3869  0.6038 -0.6969
 342  0.3127 -0.2265  0.9224
 343 -0.7688 -0.6288  0.1162
 344  0.1267 -0.5969 -0.7923
 345 -0.1792 -0.8128  0.5543
 346 -0.4918  0.8113 -0.3160
 347  0.2520 -0.6854 -0.6831
 348 -0.3617 -0.4319 -0.8262
 349  0.4902 -0.8133  0.3135
 350 -0.8841  0.1161 -0.4527
 351 -0.4977 -0.8072  0.3175
 352  0.3609  0.3118 -0.8789
 353  0.9709  0.1156 -0.2095
 354  0.7049  0.2152 -0.6759
 355 -0.5497 -0.0736 -0.8321
 356  0.0441  0.9956  0.0832
 357  0.3779 -0.1681 -0.9105
 358  0.0114  0.9586 -0.2845
 359  0.9295 -0.3369  0.1499
 360 -0.6407 -0.2647  0.7207
 361  0.1673  0.7477  0.6426
 362  0.8384 -0.1789  0.5149
 363  0.8739  0.4841 -0.0447
 364  0.6186 -0.1812  0.7646
 365  0.7609 -0.6088  0.2246
 366  0.7435 -0.5336  0.4030
 367 -0.0019 -0.4446  0.8957
 368 -0.8434 -0.0441 -0.5354
 369  0.3805 -0.8934 -0.2388
 370 -0.1531 -0.5304  0.8338
 371 -0.3272 -0.8359  0.4407
 372 -0.7539 -0.6533 -0.0692
 373  0.1584  0.8471 -0.5073
 374 -0.7117 -0.4854 -0.5078
 375  0.6265  0.4975  0.6000
 376  0.3085  0.0072 -0.9512
 377  0.6400  0.7545  0.1455
 378 -0.8899 -0.1868 -0.4162
 379  0.1382  0.0265  0.9901
 380 -0.1177 -0.2877 -0.9505
 381  0.7756  0.6156 -0.1398
 382 -0.6317  0.7530 -0.1842
 383 -0.3446 -0.9018  0.2609
 384  0.6175  0.0047  0.7865
 385  0.4317 -0.2574 -0.8645
 386 -0.8493  0.4477  0.2797
 387  0.6736 -0.5023 -0.5422
 388  0.5658  0.8228 -0.0533
 389  0.2710  0.7424  0.6127
 390  0.2640 -0.9481  0.1771
 391  0.7633  0.4958 -0.4142
 392 -0.6195  0.6311 -0.4669
 393 -0.7907  0.2714  0.5487
 394  0.5520  0.5806  0.5985
 395 -0.1986  0.8669  0.4572
 396 -0.3632 -0.7699 -0.5248
 397  0.6708 -0.7393  0.0587
 398 -0.2835  0.7574  0.5881
 399 -0.8508  0.2578 -0.4578
 400  0.9356  0.2160  0.2791
 401 -0.9622  0.2105 -0.1728
 402 -0.5451 -0.5229  0.6553
 403  0.9685  0.0168 -0.2486
 404  0.2859 -0.1362 -0.9486
 405 -0.8911 -0.0963 -0.4434
 406  0.0926  0.4985  0.8620
 407  0.2697  0.3664 -0.8905
 408 -0.5925  0.0237  0.8052
 409 -0.4008 -0.8981  0.1812
 410  0.5533 -0.7738 -0.3083
 411  0.1086 -0.9483  0.2982
 412 -0.5971 -0.6278  0.4993
 413 -0.0247  0.6087  0.7930
 414  0.9526 -0.3012  0.0421
 415  0.2137  0.4080  0.8876
 416 -0.6879  0.3488  0.6365
 417  0.2748  0.9597 -0.0589
 418  0.4140 -0.8865  0.2065
 419 -0.6347 -0.1233 -0.7629
 420  0.2771 -0.7548 -0.5945
 421  0.0167  0.2249  0.9742
 422  0.1925 -0.6086  0.7698
 423 -0.2311  0.9525  0.1984
 424  0.8119  0.5406 -0.2202
 425  0.3303 -0.9439 -0.0052
 426  0.7836  0.1345 -0.6065
 427 -0.0155  0.4722 -0.8814
 428  0.8272 -0.1616 -0.5382
 429  0.9064  0.4101  0.1010
 430 -0.5421 -0.8072 -0.2336
 431  0.9888  0.0796  0.1258
 432  0.6377  0.4014  0.6575
 433 -0.9086  0.4062 -0.0973
 434 -0.9290  0.1293 -0.3468
 435 -0.9657  0.2595  0.0018
 436 -0.4612 -0.0705  0.8845
 437  0.2653 -0.8912  0.3679
 438 -0.1203 -0.8124 -0.5706
 439 -0.1754  0.5218  0.8348
 440 -0.2167  0.3197  0.9224
 441  0.6338  0.2985 -0.7136
 442 -0.2325 -0.7643 -0.6015
 443 -0.1046 -0.0527 -0.9931
 444 -0.2789 -0.3438  0.8967
 445 -0.5802 -0.8130 -0.0490
 446 -0.3695 -0.2010 -0.9073
 447 -0.5569  0.8253  0.0935
 448 -0.8783  0.3142  0.3603
 449 -0.5127  0.7541 -0.4104
 450 -0.3265  0.6134  0.7191
 451  0.8210  0.5703 -0.0250
 452  0.7742  0.2566 -0.5786
 453 -0.8230  0.1234 -0.5545
 454 -0.4260  0.5170  0.7424
 455 -0.4936  0.8209  0.2873
 456 -0.6412  0.0030 -0.7674
 457  0.8848  0.0198 -0.4656
 458 -0.4437 -0.2712  0.8542
 459  0.7542  0.2298  0.6152
 460 -0.5667  0.8201 -0.0793
 461  0.7740  0.4760  0.4175
 462  0.7099 -0.6559 -0.2566
 463 -0.8931  0.4444  0.0696
 464 -0.2422  0.2865 -0.9270
 465 -0.8039 -0.0585  0.5919
 466  0.9532 -0.1017  0.2847
 467 -0.9098 -0.3758  0.1760
 468  0.2338  0.8941  0.3820
 469 -0.6421 -0.6949 -0.3238
 470  0.6919 -0.5185  0.5025
 471  0.7674 -0.5205 -0.3745
 472  0.2295 -0.7302  0.6435
 473 -0.4646  0.1416  0.8741
 474 -0.5945 -0.7948  0.1223
 475 -0.7654  0.4446  0.4652
 476  0.2789 -0.9141 -0.2945
 477 -0.1453 -0.5424 -0.8274
 478 -0.3920  0.9199 -0.0077
 479  0.6147 -0.0256 -0.7883
 480  0.1228  0.9471  0.2966
 481 -0.4744  0.6562  0.5868
 482 -0.9080 -0.0128  0.4188
 483  0.6707  0.1267 -0.7308
 484  0.5194 -0.8540  0.0291
 485 -0.2134  0.7485 -0.6278
 486  0.6892  0.7234  0.0420
 487 -0.1363 -0.9464  0.2929
 488 -0.1068 -0.7719  0.6267
 489 -0.8332 -0.5402  0.1179
 490 -0.3885  0.8545 -0.3447
 491  0.4799  0.4760  0.7370
 492 -0.9042  0.3371 -0.2624
 493 -0.5963 -0.1825  0.7817
 494  0.5734  0.7828 -0.2417
 495  0.9972  0.0469 -0.0576
 496  0.4560  0.8554 -0.2457
 497 -0.2651 -0.9392 -0.2183
 498  0.0767  0.8153 -0.5739
 499 -0.0496  0.7209 -0.6912
 500  0.0475 -0.9110  0.4098
 501  0.2910  0.8903 -0.3504
 502 -0.4275 -0.6378  0.6406
 503  0.6869 -0.6865  0.2385
 504 -0.0711  0.8157  0.5741
 505 -0.1532  0.6966  0.7009
 506 -0.3127  0.0497  0.9485
 507  0.5388  0.7291 -0.4220
 508  0.9357  0.0343  0.3511
 509  0.5579  0.1001  0.8238
 510  0.9153  0.3931 -0.0873
 511 -0.4386 -0.3594 -0.8237
 512  0.4034 -0.0535 -0.9135
 513 -0.7221 -0.6906  0.0407
 514  0.6919  0.6438  0.3269
 515 -0.7501 -0.3710 -0.5474
 516  0.0716 -0.8018 -0.5933
 517 -0.3238  0.8862  0.3312
 518 -0.5336  0.1512 -0.8321
 519  0.7921 -0.5339  0.2957
 520 -0.1803  0.1185 -0.9764
 521  0.6910  0.5032  0.5190
 522  0.0485 -0.3433  0.9380
 523 -0.9940  0.0665 -0.0871
 524  0.1181  0.9923 -0.0365
 525  0.4571  0.7264  0.5132
 526 -0.0889  0.8494 -0.5201
 527 -0.2192  0.9690 -0.1140
 528 -0.7079  0.6927 -0.1382
 529  0.5107 -0.5205 -0.6843
 530  0.2418 -0.1264  0.9620
 531  0.6746  0.1993  0.7107
 532  0.6756  0.4458 -0.5872
 533  0.5308  0.4896 -0.6918
 534 -0.5645  0.4357  0.7011
 535 -0.4331 -0.9004  0.0416
 536  0.5406  0.2925  0.7888
 537 -0.1849  0.6015 -0.7772
 538  0.8719  0.3849  0.3028
 539  0.9501 -0.1804 -0.2545
 540  0.6632 -0.3688  0.6512
 541 -0.4154 -0.8213  0.3910
 542  0.1906  0.5250 -0.8295
 543  0.9705  0.2006 -0.1335
 544  0.5543 -0.7194  0.4185
 545 -0.3922 -0.8569 -0.3345
 546  0.2622  0.8082 -0.5274
 547 -0.9020 -0.1652  0.3989
 548  0.2529 -0.3197  0.9131
 549  0.7316  0.6653  0.1485
 550 -0.0972 -0.9516 -0.2916
 551 -0.0785 -0.3892 -0.9178
 552 -0.7800 -0.0490 -0.6239
 553  0.4216 -0.8140  0.3996
 554  0.1570 -0.2311 -0.9602
 555 -0.3082  0.4285  0.8494
 556 -0.0637  0.2669 -0.9616
 557 -0.6942 -0.7055 -0.1424
 558  0.0580  0.7367  0.6737
 559  0.6075  0.6004 -0.5200
 560  0.1026 -0.9874  0.1205
 561  0.7901  0.0344  0.6121
 562  0.7871 -0.3723 -0.4918
 563  0.5178  0.7895  0.3294
 564 -0.1104 -0.4363  0.8930
 565 -0.8178  0.5448 -0.1856
 566  0.9328 -0.2702  0.2386
 567 -0.3013 -0.7851  0.5411
 568 -0.4101  0.5087 -0.7570
 569 -0.8872 -0.4171 -0.1970
 570 -0.9121 -0.2525 -0.3230
 571  0.5581 -0.5019  0.6608
 572 -0.2290  0.9314 -0.2830
 573  0.3417 -0.6260 -0.7010
 574 -0.2001 -0.2166 -0.9555
 575  0.4755 -0.8645 -0.1629
 576  0.5546 -0.2806  0.7834
 577  0.3486  0.8309  0.4337
 578 -0.0779 -0.9889 -0.1263
 579  0.2683 -0.4989  0.8241
 580  0.0404 -0.5480 -0.8355
 581 -0.0240 -0.9997  0.0049
 582  0.2838 -0.7957  0.5351
 583  0.3807 -0.8469 -0.3712
 584 -0.2441 -0.6695 -0.7015
 585 -0.8318 -0.2279 -0.5060
 586  0.6935 -0.0017  0.7204
 587 -0.4497  0.3283  0.8307
 588  0.5011  0.0585 -0.8634
 589 -0.4831  0.6422 -0.5952
 590  0.7691 -0.6348 -0.0748
 591 -0.0480  0.9830 -0.1771
 592 -0.5179 -0.1737 -0.8376
 593 -0.3687  0.7621 -0.5323
 594 -0.6339  0.7369  0.2347
 595 -0.2613 -0.9645 -0.0370
 596 -0.2864 -0.0385 -0.9573
 597 -0.4591 -0.0189 -0.8882
 598 -0.9546  0.1353  0.2655
 599 -0.5774 -0.3624  0.7316
 600  0.4088 -0.5753  0.7085
 601 -0.7196 -0.6562  0.2272
 602  0.4216  0.9060  0.0369
 603  0.0311  0.0362  0.9989
 604 -0.7190  0.5911  0.3657
 605 -0.9582 -0.2564 -0.1268
 606 -0.1264 -0.2487  0.9603
 607  0.5195 -0.6247 -0.5829
 608 -0.8958  0.0173 -0.4442
 609 -0.1519  0.4468 -0.8817
 610  0.7064  0.6942 -0.1382
 611  0.3053  0.5327  0.7893
 612  0.6909 -0.1891  0.6977
 613 -0.8471  0.3895 -0.3615
 614 -0.1278 -0.8699  0.4764
 615 -0.6299  0.5571  0.5411
 616  0.1493  0.8295  0.5382
 617  0.6250 -0.6514 -0.4302
 618 -0.5605 -0.7906  0.2465
 619  0.0853 -0.0641 -0.9943
 620  0.8966  0.3558 -0.2637
 621  0.0123  0.1011 -0.9948
 622 -0.7756  0.5367 -0.3323
 623  0.5630 -0.0928  0.8212
 624  0.1999 -0.8597 -0.4701
 625 -0.5995  0.3221 -0.7327
 626 -0.2248 -0.9694  0.0981
 627 -0.7079 -0.2335 -0.6666
 628  0.8388 -0.5061 -0.2008
 629 -0.9172 -0.3984 -0.0067
 630  0.9852 -0.1486 -0.0853
 631  0.0398 -0.1549  0.9871
 632 -0.9557 -0.2428  0.1666
 633 -0.3299 -0.5264 -0.7836
 634  0.8742 -0.3588 -0.3272
 635 -0.5913 -0.6099 -0.5275
 636 -0.6983  0.7149  0.0366
 637  0.4073 -0.0058  0.9133
 638 -0.2625 -0.3785 -0.8876
 639 -0.8136  0.5812 -0.0154
 640  0.3978  0.1803  0.8996
 641  0.4075 -0.1932  0.8925
 642  0.3865  0.6356  0.6683
 643  0.0632 -0.8275  0.5579
 644 -0.4377 -0.6460 -0.6254
 645 -0.7838 -0.5736 -0.2378
 646 -0.6423 -0.4618 -0.6117
 647 -0.0229 -0.2253 -0.9740
 648  0.8152  0.3129  0.4874
 649  0.7446 -0.3716  0.5545
 650  0.7835 -0.1669  0.5986
 651 -0.6957  0.1520 -0.7021
 652  0.4550  0.3507 -0.8185
 653 -0.3429  0.3558 -0.8694
 654  0.1479 -0.6845 -0.7139
 655  0.1200  0.6708 -0.7318
 656 -0.6787 -0.4560  0.5757
 657  0.8841 -0.4346  0.1717
 658  0.7321 -0.2619 -0.6289
 659 -0.0449 -0.6890 -0.7234
 660 -0.7287  0.3171 -0.6070
 661  0.8431 -0.3872  0.3732
 662 -0.0689  0.9330 -0.3531
 663  0.3893  0.8903  0.2361
 664 -0.2433  0.8584 -0.4516
 665 -0.8313  0.5254  0.1814
 666  0.0436 -0.5297  0.8471
 667  0.7950 -0.5963  0.1114
 668 -0.0601 -0.9782  0.1986
 669  0.1196  0.9631 -0.2412
 670  0.4202  0.7824 -0.4597
 671 -0.7627  0.1187  0.6357
 672  0.6850  0.6508 -0.3274
 673  0.1806  0.6361  0.7502
 674 -0.5831  0.5000 -0.6403
 675  0.7750 -0.0402 -0.6307
 676 -0.1042  0.9444  0.3119
 677 -0.9640 -0.0736 -0.2554
 678 -0.6010  0.2331  0.7645
 679  0.2212  0.2403  0.9452
 680  0.2215  0.0582 -0.9734
 681 -0.9869 -0.1125 -0.1154
 682 -0.4871  0.3568 -0.7971
 683 -0.0472  0.4046  0.9133
 684 -0.7120  0.4851 -0.5076
 685 -0.4073  0.7889  0.4602
 686 -0.1408 -0.0549  0.9885
 687 -0.4018  0.9032  0.1508
 688  0.3169  0.9325 -0.1733
 689  0.9333  0.1623 -0.3203
 690  0.0663  0.3565 -0.9319
 691 -0.7073 -0.5837  0.3987
 692  0.5108  0.1925 -0.8379
 693  0.9710  0.2314  0.0606
 694  0.0432 -0.6990  0.7138
 695 -0.1555  0.1403  0.9778
 696 -0.2997 -0.1539  0.9415
 697 -0.3299  0.6345 -0.6990
 698  0.3836  0.3600  0.8505
 699  0.0049  0.5772 -0.8166
 700  0.9303 -0.3373 -0.1444
 701  0.0457  0.9821  0.1828
 702  0.8137  0.5366  0.2234
 703 -0.3645  0.1390 -0.9208
 704 -0.2791 -0.8947  0.3486
 705  0.5550 -0.8008  0.2254
 706  0.2514  0.9594  0.1281
 707 -0.2076  0.9767  0.0534
 708  0.9100 -0.1538 -0.3849
 709 -0.7760 -0.4138  0.4760
 710 -0.9937 -0.1010  0.0480
 711 -0.5967 -0.3319 -0.7306
 712  0.3393  0.1962 -0.9200
 713  0.2873 -0.3868 -0.8763
 714 -0.6839  0.0187  0.7294
 715  0.2277 -0.5453 -0.8067
 716 -0.4975 -0.5005 -0.7085
 717  0.3544 -0.9247 -0.1391
 718 -0.9388  0.2957  0.1769
 719 -0.5725  0.7031  0.4217
 720 -0.7254  0.6475  0.2335
 721 -0.8749 -0.3266  0.3576
 722  0.4141 -0.3880  0.8234
 723 -0.9716 -0.0621  0.2282
 724 -0.4215 -0.8969 -0.1340
 725  0.1416 -0.9818 -0.1264
 726 -0.0119 -0.8945 -0.4470
 727  0.5791 -0.3212 -0.7493
 728  0.1082 -0.9406 -0.3218
 729  0.0986  0.9048 -0.4142
 730  0.1075 -0.3914 -0.9139
 731  0.8532  0.3021 -0.4252
 732  0.5534  0.8198  0.1475
 733  0.4534 -0.7489 -0.4833
 734 -0.5407 -0.7385  0.4029
 735 -0.0388  0.9991  0.0148
 736 -0.5443  0.8074 -0.2276
 737  0.3636  0.5223 -0.7714
 738 -0.2604 -0.6874  0.6780
 739 -0.8224 -0.5656 -0.0616
 740 -0.5067 -0.7432 -0.4369
 741  0.6745 -0.6190  0.4023
 742 -0.8130 -0.2240  0.5374
 743  0.8721 -0.0721  0.4839
 744 -0.2251 -0.8825 -0.4130
 745 -0.3909  0.9045 -0.1705
 746  0.4495  0.6487 -0.6141
 747 -0.7119 -0.2755  0.6460
 748  0.1451  0.2229 -0.9640
 749  0.8706  0.1387  0.4720
 750 -0.8184 -0.4929  0.2955
 751 -0.8850  0.1593  0.4374
 752  0.8789 -0.4766 -0.0163
 753  0.2340  0.0606  0.9703
 754 -0.6730  0.6819 -0.2866
 755 -0.1154 -0.6191  0.7768
 756 -0.2612 -0.5196  0.8135
 757  0.8608 -0.2520  0.4421
 758 -0.9906  0.1003  0.0932
 759  0.0198  0.8997  0.4360
 760  0.4246 -0.4573 -0.7814
 761  0.4451 -0.6817  0.5807
 762  0.2840  0.6731 -0.6829
 763 -0.4201 -0.4534  0.7861
 764  0.6287 -0.7678 -0.1237
 765 -0.7209 -0.5604 -0.4077
 766  0.6068  0.6659  0.4339
 767 -0.8289 -0.4108 -0.3798
 768  0.9882 -0.1157  0.1002