0.7078  0.7064  0.0042
 0.1101  0.1126 -0.9875
 0.1721 -0.8424 -0.5106
-0.1586 -0.5044  0.8488
 0.4049 -0.2179 -0.8880
 0.6680 -0.3976  0.6290
 0.2178  0.2944  0.9305
 0.9681 -0.2507 -0.0008
 0.1606 -0.8626  0.4797
-0.5532 -0.7851 -0.2787
-0.8132 -0.0611 -0.5788
-0.8638  0.1522 -0.4803
-0.3585  0.4758 -0.8032
 0.8817 -0.4706  0.0345
-0.7382 -0.3705  0.5638
-0.3345 -0.8349  0.4371
 0.3972  0.6034 -0.6915
 0.2511  0.4153  0.8744
 0.5602  0.1108 -0.8209
 0.0142 -0.8844  0.4664
-0.9832  0.1817 -0.0164
 0.7831  0.4825 -0.3923
-0.5240  0.2819 -0.8037
 0.4277 -0.0955  0.8989
 0.3756 -0.0857 -0.9228
 0.8475 -0.0051  0.5308
-0.3511  0.0500  0.9350
-0.8312  0.5549  0.0351
-0.1159 -0.8995  0.4213
-0.9776 -0.2101  0.0135
 0.5887 -0.3501  0.7286
-0.6804  0.5992  0.4219
 0.6195 -0.5779 -0.5313
-0.6502  0.7113 -0.2669
-0.2338  0.9377 -0.2569
-0.1840  0.6348  0.7504
 0.0339 -0.8482 -0.5286
 0.7893 -0.5944 -0.1541
-0.6209 -0.6964 -0.3597
 0.8815  0.4710 -0.0328
-0.1488 -0.9886  0.0242
 0.9204 -0.1728 -0.3506
-0.9669 -0.0495  0.2503
-0.8144  0.1657  0.5562
-0.7186 -0.2781 -0.6374
-0.8702  0.4383 -0.2249
 0.3411  0.7165  0.6085
-0.0248 -0.9821 -0.1865
 0.2507 -0.6961  0.6727
 0.8082  0.1028  0.5798
 0.9216 -0.3210  0.2183
 0.2352 -0.5013 -0.8327
 0.6478 -0.6842 -0.3351
 0.7714  0.5344  0.3454
-0.6054  0.5859  0.5386
 0.7568  0.2191  0.6158
 0.5747  0.4394 -0.6904
-0.7941  0.4128 -0.4462
-0.6532  0.4166 -0.6322
 0.9964  0.0188  0.0831
 0.9922  0.1238 -0.0104
 0.6211  0.6652 -0.4143
-0.8727 -0.1205 -0.4731
 0.7236  0.5949 -0.3500
-0.2345  0.9429  0.2365
 0.1775 -0.2033  0.9629
-0.4623  0.7551  0.4648
-0.8625 -0.4396  0.2508
-0.4680 -0.7018 -0.5371
-0.8120 -0.5808  0.0578
 0.7318 -0.2473 -0.6351
 0.1520 -0.1503 -0.9769
-0.1690  0.7916 -0.5872
-0.0510  0.6716  0.7391
-0.3687  0.8062 -0.4627
-0.7384  0.5330 -0.4132
-0.5824 -0.4773 -0.6580
-0.2057 -0.7748 -0.5978
 0.9597  0.0606 -0.2744
-0.1525  0.7323  0.6637
-0.3970 -0.7925 -0.4630
-0.7923 -0.5086  0.3370
-0.2379  0.8438 -0.4811
-0.1746  0.9790  0.1048
 0.3756 -0.3608  0.8537
 0.6332 -0.2465 -0.7336
-0.7184 -0.1545  0.6782
-0.5286  0.8425 -0.1039
 0.7134  0.2530 -0.6535
 0.0775 -0.9584 -0.2747
 0.3291 -0.9443 -0.0024
 0.1280 -0.0202 -0.9916
-0.2812  0.3987 -0.8729
-0.4448  0.2081 -0.8711
 0.3105  0.1872  0.9320
-0.7835  0.6175 -0.0694
-0.2069 -0.6190 -0.7577
-0.5461  0.8293  0.1187
 0.4265  0.6272  0.6517
-0.1971 -0.3079 -0.9308
-0.7414 -0.6555  0.1439
-0.6494  0.5977 -0.4701
-0.0968  0.9949 -0.0285
-0.9390 -0.3427  0.0277
 0.0317  0.9788  0.2022
-0.0453 -0.1343  0.9899
-0.6429 -0.4246  0.6374
 0.1940  0.2170 -0.9567
 0.7819 -0.4890  0.3866
-0.6515 -0.7265 -0.2185
-0.5307 -0.5957 -0.6029
 0.8197 -0.3730  0.4346
-0.2405 -0.0640 -0.9685
 0.3781  0.4244  0.8228
-0.0837  0.8873  0.4536
-0.4184 -0.5046  0.7552
-0.6466  0.2085  0.7338
-0.7034  0.4960  0.5091
-0.2988 -0.7726  0.5602
-0.1162 -0.6926  0.7119
-0.1094  0.4543  0.8841
-0.3776 -0.9109  0.1664
-0.8631 -0.4779 -0.1634
 0.7819  0.4379  0.4437
 0.4331 -0.8984 -0.0731
-0.0017  0.0021 -1.0000
-0.1738 -0.1637  0.9711
-0.8920 -0.2434  0.3810
 0.8916  0.4087  0.1948
 0.1775  0.9839 -0.0215
-0.9986  0.0511 -0.0098
 0.8508  0.3243  0.4136
 0.0137 -0.3629  0.9317
-0.3765  0.7280  0.5729
 0.2016 -0.7848  0.5861
 0.8596 -0.4108  0.3038
-0.0222 -0.9771  0.2115
 0.8429 -0.2518  0.4756
 0.5193  0.5273  0.6725
-0.4856  0.8402  0.2413
 0.1971  0.5560 -0.8074
-0.4531 -0.2123 -0.8658
-0.8567 -0.1706  0.4867
 0.4445  0.1519 -0.8828
-0.3012  0.8808 -0.3653
-0.4567  0.3875  0.8008
-0.2675 -0.9585  0.0983
-0.8039 -0.0986  0.5865
-0.7210  0.6161 -0.3171
 0.0670 -0.8186  0.5704
 0.8144  0.5157 -0.2661
 0.6976  0.5428  0.4677
 0.1788 -0.2755 -0.9445
 0.6895  0.3233  0.6481
-0.2959  0.8843  0.3611
-0.1710  0.9098 -0.3782
 0.6433  0.1721 -0.7460
-0.1033  0.8651 -0.4909
 0.7367  0.4423 -0.5115
-0.4777 -0.3794  0.7924
 0.5233 -0.2332 -0.8196
-0.2093 -0.8432  0.4951
 0.7239  0.6428  0.2504
 0.5762  0.6178 -0.5350
-0.8198 -0.3920 -0.4174
 0.0951 -0.9863 -0.1347
 0.9253 -0.3760 -0.0498
-0.0500 -0.7872 -0.6147
-0.4238  0.8964  0.1299
-0.6174  0.7707 -0.1575
 0.1837  0.3403 -0.9222
 0.4996 -0.2981  0.8133
 0.5213  0.5585 -0.6452
-0.8170  0.0345  0.5756
 0.0954  0.9193 -0.3818
-0.5488  0.7788 -0.3037
 0.9854  0.0940 -0.1418
 0.8137 -0.5810 -0.0178
 0.6910 -0.5540  0.4643
 0.7012 -0.1432  0.6985
 0.7485 -0.5974 -0.2879
 0.4625  0.7073  0.5347
-0.7266  0.1444 -0.6717
-0.1139 -0.0729 -0.9908
-0.4664  0.0658 -0.8821
-0.9194  0.3067 -0.2463
-0.1033  0.9586 -0.2652
 0.6148  0.7852  0.0742
 0.4715 -0.8317 -0.2933
-0.3608  0.9008 -0.2416
 0.4239  0.2804 -0.8612
 0.3415 -0.8601  0.3790
-0.2502  0.7793  0.5746
 0.2406 -0.7619 -0.6013
 0.7042 -0.1279 -0.6984
 0.0563  0.2418 -0.9687
 0.5038  0.3680 -0.7815
 0.3436 -0.9033  0.2569
 0.0841 -0.1042  0.9910
-0.3613  0.8992  0.2468
 0.0466 -0.2519 -0.9666
 0.3228  0.1855 -0.9281
 0.7998  0.1958 -0.5675
 0.9092 -0.0320  0.4151
-0.5107 -0.2604  0.8194
-0.6818 -0.5018  0.5324
-0.8529 -0.2564 -0.4547
-0.3639 -0.0816  0.9278
-0.7375 -0.0166  0.6751
 0.2083 -0.9761 -0.0616
 0.5173 -0.0168  0.8556
-0.1351 -0.7146 -0.6864
-0.2132  0.8573  0.4687
 0.2831  0.8543  0.4359
 0.8745  0.1004 -0.4745
-0.5823 -0.6505 -0.4877
-0.6389 -0.6783  0.3629
 0.2010 -0.5296  0.8241
 0.9989 -0.0099 -0.0450
-0.8896 -0.3066 -0.3386
-0.2605 -0.9504 -0.1699
-0.0258 -0.9983 -0.0529
-0.7363 -0.1382 -0.6624
 0.5565 -0.4552 -0.6950
-0.5607 -0.7714  0.3011
 0.9232  0.3793  0.0627
 0.6625  0.2031  0.7210
-0.1167 -0.3890  0.9138
-0.6838 -0.5899 -0.4295
-0.7490  0.6597  0.0612
 0.2261 -0.9511  0.2103
-0.7884  0.2150 -0.5763
-0.0185  0.7627  0.6465
 0.3113  0.9499  0.0293
-0.8362  0.2853 -0.4683
 0.3228 -0.7981 -0.5088
-0.6674 -0.7405  0.0783
-0.2034 -0.6107  0.7653
-0.6579 -0.0726 -0.7496
 0.5541 -0.7565  0.3473
 0.2039 -0.9567 -0.2076
 0.6201  0.0784  0.7806
 0.2703  0.9361 -0.2248
 0.2593  0.0724  0.9631
 0.1077 -0.4527  0.8851
-0.5749 -0.8070 -0.1349
-0.3393 -0.6079  0.7178
 0.9661 -0.2227  0.1308
 0.8391  0.2144  0.4999
 0.4920 -0.1130 -0.8632
 0.0899  0.9918  0.0912
-0.7788 -0.2337  0.5821
 0.4555 -0.8695  0.1907
 0.3008  0.9039  0.3041
 0.3072  0.6277  0.7152
 0.0768 -0.3755 -0.9237
 0.9921 -0.1179  0.0429
 0.9808  0.1537  0.1200
-0.9855  0.1277  0.1116
 0.4146 -0.7850  0.4603
 0.1586 -0.6384  0.7532
 0.6849  0.6274  0.3706
 0.4683 -0.4216  0.7765
-0.0704 -0.5938  0.8015
 0.2646  0.6359 -0.7249
-0.0401 -0.9447 -0.3256
-0.5380  0.7678  0.3478
 0.1169  0.7837  0.6100
-0.1458 -0.9832 -0.1101
-0.7932  0.2913  0.5348
-0.3135  0.5822  0.7502
-0.5671  0.0246  0.8233
-0.3519 -0.1397 -0.9256
-0.1672 -0.9006 -0.4013
-0.0640  0.3408 -0.9380
-0.0908  0.5535 -0.8279
-0.6215 -0.2087  0.7551
-0.1795  0.1974  0.9638
 0.2817 -0.8284  0.4841
 0.8733 -0.1477 -0.4642
 0.8656 -0.4902 -0.1022
 0.3300  0.5281 -0.7824
-0.2432 -0.9215 -0.3027
 0.5257  0.8360  0.1573
 0.4550 -0.6874  0.5661
-0.1190  0.8168  0.5646
 0.9203  0.1413 -0.3647
-0.0084  0.3681  0.9298
-0.1672 -0.4247 -0.8897
 0.2530  0.7899 -0.5587
 0.6716  0.0189 -0.7407
-0.3671  0.6624 -0.6531
 0.9194 -0.2859 -0.2701
 0.6082 -0.0783  0.7899
-0.4089 -0.6474 -0.6431
-0.9173 -0.1742 -0.3582
-0.5045 -0.6619  0.5544
-0.2189  0.1838 -0.9583
-0.8017 -0.1999 -0.5633
-0.3705 -0.2950  0.8807
 0.6093 -0.1274 -0.7827
-0.5675 -0.0043 -0.8233
 0.4665  0.0191 -0.8843
 0.0838  0.2724  0.9585
-0.6588  0.0736  0.7487
-0.5989  0.8008 -0.0061
-0.0181  0.9888 -0.1479
 0.1102 -0.4963 -0.8611
-0.7295 -0.6214  0.2857
-0.2673 -0.9629 -0.0361
-0.6475 -0.0685  0.7590
-0.0325 -0.4424 -0.8962
-0.4272  0.8358 -0.3448
 0.0659 -0.5677  0.8206
 0.7300 -0.6800 -0.0688
 0.9328 -0.3503  0.0849
 0.3289  0.7042 -0.6293
 0.6496 -0.4693 -0.5982
 0.5480 -0.8359 -0.0302
 0.0202 -0.7147 -0.6991
-0.0254 -0.4839  0.8748
-0.4668 -0.5345 -0.7046
-0.6007  0.5461 -0.5839
-0.4857 -0.8692  0.0926
 0.7454 -0.6634  0.0656
-0.4276  0.5465 -0.7201
 0.0837  0.9471  0.3097
 0.2145  0.7128  0.6677
-0.8530  0.5104 -0.1085
 0.6931 -0.2739  0.6667
 0.8804 -0.4427  0.1697
 0.0509  0.5985  0.7995
-0.5637 -0.1469 -0.8128
 0.3170  0.9323  0.1742
 0.7972 -0.1412 -0.5869
 0.4052  0.8374  0.3668
 0.8586  0.2354 -0.4553
-0.5434 -0.2825 -0.7905
 0.6524 -0.3565 -0.6687
-0.2570 -0.8334 -0.4893
-0.4069  0.6292  0.6622
 0.4542 -0.8302  0.3232
-0.0814  0.5681  0.8189
 0.5167  0.8560  0.0140
-0.9926  0.0013  0.1214
 0.1896  0.7274 -0.6595
-0.4368 -0.1787  0.8816
-0.0260 -0.7623  0.6467
 0.9073  0.3081  0.2861
 0.0427  0.1393  0.9893
 0.0453  0.7346 -0.6770
 0.8217 -0.5577  0.1177
-0.8489 -0.3782  0.3693
 0.2332  0.0829 -0.9689
-0.3629 -0.8983 -0.2478
 0.5061  0.8536 -0.1232
-0.4738 -0.8592 -0.1931
-0.5547  0.1398 -0.8202
-0.9014  0.2301 -0.3668
-0.6115  0.6882 -0.3904
-0.4797  0.4176 -0.7717
-0.9023  0.3654  0.2289
 0.0338  0.8700 -0.4919
 0.9267  0.3146 -0.2054
-0.8321  0.4859  0.2675
-0.5475 -0.1219  0.8279
 0.4973 -0.6616 -0.5612
 0.5041  0.7547  0.4200
-0.6236  0.4753  0.6207
-0.7727 -0.5195 -0.3647
-0.4957  0.6635  0.5604
-0.0959  0.2211 -0.9705
 0.1514  0.8545  0.4970
 0.3363 -0.7462  0.5745
 0.5215 -0.7182  0.4606
-0.3631  0.3354  0.8693
-0.9507  0.1725 -0.2576
 0.5093  0.7197 -0.4718
 0.4200  0.8766  0.2350
-0.0855 -0.2660  0.9602
 0.2756  0.9559 -0.1017
-0.4694 -0.0774 -0.8796
-0.2131  0.5260  0.8233
-0.2389  0.4076  0.8814
 0.3113 -0.3122 -0.8976
 0.9516  0.1814  0.2480
 0.7016  0.7004  0.1311
 0.0832  0.6978  0.7114
-0.0773 -0.8359  0.5434
-0.7419  0.1203  0.6596
 0.3397 -0.9316  0.1291
 0.6113  0.4312  0.6636
-0.8762  0.0161 -0.4818
 0.4019  0.0720  0.9129
 0.0839 -0.6225 -0.7781
 0.0268  0.9637 -0.2656
-0.3204  0.2650 -0.9095
-0.1294  0.0652 -0.9894
 0.8464  0.4252  0.3208
 0.6612 -0.7358  0.1468
 0.4707  0.3175  0.8232
 0.6161  0.3109 -0.7237
 0.4072  0.9121 -0.0479
-0.6920  0.7203 -0.0479
 0.0221  0.4879  0.8726
 0.6069  0.7191  0.3385
 0.7596 -0.0266 -0.6498
 0.0464 -0.2368  0.9705
-0.9838  0.1142 -0.1378
 0.5135  0.1053  0.8516
-0.7111  0.3836  0.5892
 0.6917 -0.5908 -0.4154
-0.9656  0.0391 -0.2572
 0.2592 -0.8691 -0.4213
-0.9180 -0.3861 -0.0902
-0.8655  0.4806  0.1416
 0.9011  0.2748 -0.3355
 0.9460 -0.1931  0.2604
-0.9583 -0.2484  0.1416
-0.7044  0.6810  0.2001
-0.3002 -0.3899 -0.8706
 0.5772 -0.0127 -0.8165
-0.7254  0.2521  0.6404
-0.6216 -0.3492 -0.7012
-0.7528  0.3480 -0.5586
 0.7084  0.4298  0.5598
-0.9912 -0.0153 -0.1313
-0.2643 -0.5073 -0.8203
 0.5800 -0.6746 -0.4567
 0.1813  0.6183  0.7648
-0.5570  0.1605  0.8149
 0.7240 -0.4851 -0.4904
 0.3104 -0.9404 -0.1388
 0.7304  0.1171 -0.6729
-0.1049  0.9702  0.2183
 0.9687  0.2245 -0.1056
 0.2930 -0.5920  0.7508
 0.7488  0.6240 -0.2236
-0.0137  0.4645 -0.8854
-0.2276  0.5210 -0.8227
-0.2474 -0.0525  0.9675
 0.9667  0.2545  0.0264
-0.2216 -0.1872 -0.9570
-0.1672 -0.7733  0.6116
-0.4886  0.6096 -0.6242
-0.8717 -0.4770  0.1122
-0.3011 -0.1947  0.9335
 0.7854 -0.4972 -0.3687
 0.9856 -0.1453 -0.0860
 0.9617 -0.1691 -0.2158
-0.3919 -0.4644 -0.7942
 0.7754  0.3212 -0.5437
 0.2589  0.4402 -0.8597
 0.4481 -0.4753 -0.7572
 0.4054 -0.8908 -0.2054
 0.6923 -0.0135  0.7214
 0.1014 -0.7830 -0.6137
 0.6346 -0.6583  0.4048
-0.0159  0.1303 -0.9913
-0.8487 -0.4394 -0.2945
-0.0890  0.1037  0.9906
 0.8103  0.0687 -0.5820
 0.4492 -0.8915  0.0588
-0.3405  0.8130  0.4723
 0.2106  0.9714  0.1097
-0.7385 -0.6566 -0.1532
 0.8849  0.0997  0.4550
 0.4269 -0.5372  0.7274
-0.3223 -0.8653 -0.3838
-0.7031  0.4752 -0.5290
 0.8709 -0.2819 -0.4026
 0.5621 -0.7959  0.2250
-0.0392 -0.8981 -0.4380
-0.8216 -0.3083  0.4795
-0.4285  0.7183 -0.5481
 0.6222  0.7524  0.2163
-0.0909 -0.2034 -0.9749
 0.0197 -0.6706  0.7415
-0.1336 -0.5369 -0.8330
-0.8072 -0.5547  0.2020
 0.6569 -0.7017  0.2757
 0.8288  0.5437 -0.1324
 0.8606 -0.3950 -0.3214
 0.3761  0.7866  0.4897
 0.3871 -0.8359 -0.3891
-0.3538  0.9353  0.0028
-0.8778 -0.4789 -0.0141
-0.0172 -0.9406  0.3390
 0.9338  0.3507 -0.0705
-0.3294 -0.2672 -0.9056
-0.7441 -0.6680 -0.0072
-0.9834 -0.1246  0.1317
 0.4047 -0.2332  0.8842
-0.9227  0.0949 -0.3736
 0.3406 -0.5529 -0.7605
 0.9010 -0.3915 -0.1867
 0.9130 -0.0094 -0.4078
 0.4488 -0.7546 -0.4786
-0.9168  0.3798 -0.1233
 0.3782 -0.7100 -0.5941
 0.5190 -0.1661  0.8385
-0.9281 -0.0402 -0.3700
-0.9112 -0.3503 -0.2169
 0.6549  0.6992 -0.2867
-0.3535  0.1344 -0.9257
 0.2185 -0.9729  0.0756
-0.1665  0.6318 -0.7570
 0.1883 -0.9238 -0.3333
-0.0637 -0.3268 -0.9429
 0.7839  0.6074  0.1287
-0.4846  0.8464 -0.2211
 0.1738  0.8613 -0.4774
 0.9079 -0.1624  0.3865
 0.1114  0.8049 -0.5829
-0.6860 -0.4121 -0.5997
 0.6812  0.3825 -0.6243
 0.3325 -0.0297  0.9426
-0.5358 -0.4685  0.7024
 0.5796  0.7874 -0.2100
-0.8087  0.0779 -0.5830
-0.9126 -0.3080  0.2689
 0.2307  0.9039 -0.3601
-0.6009  0.7669  0.2253
-0.3389 -0.7480 -0.5707
 0.0038  0.0025  1.0000
-0.2868  0.9491 -0.1302
 0.4030  0.5304  0.7458
 0.7277  0.0974  0.6789
 0.9813 -0.0894  0.1704
 0.0148  0.8399  0.5426
-0.1956  0.3145 -0.9289
-0.4856 -0.8728 -0.0503
-0.8954  0.4453 -0.0030
-0.5764  0.6836  0.4477
-0.4053  0.3437 -0.8471
-0.0382  0.9227 -0.3836
-0.6897 -0.2902  0.6634
-0.2197 -0.2914  0.9310
-0.7142 -0.6331 -0.2985
-0.2469 -0.4030  0.8813
 0.8511 -0.1285  0.5090
 0.7649 -0.3182  0.5601
 0.5231 -0.8369 -0.1614
 0.7345 -0.4407  0.5160
-0.7951  0.5680 -0.2127
 0.1314  0.0378  0.9906
-0.0232  0.6510 -0.7587
 0.9521 -0.2750 -0.1338
-0.9596  0.2457 -0.1372
-0.0267 -0.9964  0.0809
-0.5897 -0.3407  0.7323
-0.9615  0.2541  0.1050
-0.9250  0.1509  0.3488
 0.8121 -0.5261  0.2523
-0.1567  0.9771 -0.1438
 0.2815 -0.1852 -0.9415
 0.3104  0.8399 -0.4451
 0.8653  0.3993 -0.3032
 0.7296 -0.5981  0.3315
-0.9496  0.2190  0.2241
-0.8634  0.2441  0.4416
-0.6313  0.2132 -0.7457
 0.3874  0.7607 -0.5208
 0.6342  0.5043 -0.5861
-0.3022  0.7618 -0.5731
-0.3010  0.5957 -0.7447
 0.2424 -0.4136  0.8776
 0.0539  0.5652 -0.8232
-0.4099  0.9050 -0.1139
 0.3438 -0.4307 -0.8344
 0.7806  0.3270  0.5327
-0.1477  0.4378 -0.8868
 0.4989  0.4260  0.7547
-0.3846 -0.6877  0.6158
-0.6653 -0.7431 -0.0726
 0.9396  0.0757  0.3337
 0.6111  0.7892 -0.0608
 0.1524  0.9532 -0.2610
-0.5825 -0.8128  0.0125
 0.7463 -0.6353  0.1985
-0.4439 -0.8316 -0.3337
-0.1403 -0.9468  0.2895
-0.1261 -0.0244  0.9917
 0.4583  0.6664 -0.5882
-0.2412 -0.8984  0.3669
-0.5771 -0.8010  0.1591
-0.2640  0.2804  0.9229
 0.3523  0.0508 -0.9345
 0.3055  0.3127 -0.8994
 0.0943 -0.9955  0.0040
-0.5934  0.3519 -0.7239
-0.6975  0.2828 -0.6584
 0.6301 -0.5132  0.5827
-0.1232 -0.8440 -0.5219
 0.2287 -0.9101  0.3454
 0.1061 -0.9596  0.2606
-0.3408  0.4646  0.8173
 0.8517 -0.0373 -0.5227
 0.1863  0.9087  0.3737
-0.5156 -0.7495 -0.4152
-0.4198  0.8333  0.3596
-0.4953  0.7550 -0.4297
 0.5601 -0.8225  0.0988
 0.2801  0.5261  0.8030
-0.9206 -0.1123  0.3740
 0.9457  0.2844  0.1577
-0.7396  0.0032 -0.6730
-0.4524 -0.8106  0.3718
-0.8104  0.4900 -0.3212
 0.3842  0.4083 -0.8281
-0.8487  0.3878  0.3596
 0.1112 -0.7341  0.6699
-0.5797 -0.5496  0.6016
 0.0606  0.3622 -0.9301
 0.2096 -0.0683  0.9754
-0.9174 -0.3684  0.1504
 0.4223  0.9014  0.0951
 0.6748  0.7225 -0.1505
 0.3896  0.9037 -0.1776
 0.9042  0.2061  0.3742
 0.9766  0.0474  0.2097
-0.3616 -0.8813  0.3043
 0.4349 -0.3428 -0.8327
-0.3391  0.1794  0.9235
 0.2771 -0.2910  0.9157
-0.6125 -0.6210  0.4890
 0.7400 -0.3656 -0.5646
-0.3662 -0.0071 -0.9305
-0.0470  0.2372  0.9703
 0.1228  0.3954  0.9103
 0.3053 -0.1626  0.9383
 0.5162  0.8053  0.2916
-0.2531  0.0602 -0.9656
-0.6571  0.7476  0.0967
 0.8284  0.3625 -0.4271
-0.1470 -0.9764  0.1579
-0.9028  0.2793  0.3271
-0.3778 -0.9194 -0.1100
-0.7467  0.5953  0.2968
 0.5951  0.6550  0.4656
-0.5361 -0.7242  0.4337
 0.7583  0.6453 -0.0923
-0.4269 -0.3413 -0.8374
-0.2789 -0.6860 -0.6720
 0.5584  0.2128  0.8018
 0.8131 -0.2590 -0.5213
-0.4348  0.5153  0.7385
-0.6472 -0.2141 -0.7316
 0.5917 -0.7664 -0.2503
 0.5813 -0.6199  0.5270
-0.8642  0.3624 -0.3490
-0.9581 -0.2664 -0.1049
 0.9527  0.1895 -0.2377
-0.7087 -0.5695  0.4164
-0.1710  0.9211  0.3497
 0.1621 -0.7016 -0.6939
-0.0451  0.9425  0.3311
 0.5087 -0.5833  0.6332
 0.1228  0.6523 -0.7479
 0.5339 -0.5597 -0.6338
-0.9485 -0.1798  0.2609
-0.4769  0.8789  0.0119
 0.8058 -0.3856 -0.4495
 0.1733  0.1731  0.9695
 0.3376 -0.4803  0.8095
-0.1391 -0.9591 -0.2466
 0.0998 -0.9858  0.1352
 0.5495  0.7610 -0.3450
 0.5426 -0.3511 -0.7631
-0.3639 -0.4111  0.8358
-0.9461 -0.2226 -0.2352
-0.6574 -0.7190  0.2254
 0.0486  0.9017  0.4296
-0.4663 -0.5875  0.6614
 0.9842 -0.0377 -0.1731
-0.2367  0.7019 -0.6718
-0.7951 -0.5602 -0.2325
 0.6838  0.5573 -0.4710
-0.9318  0.0191  0.3626
 0.1521  0.5120  0.8454
 0.3553  0.8799 -0.3156
 0.4236 -0.6029 -0.6761
-0.7893  0.3963  0.4691
 0.1074 -0.9186  0.3803
-0.9969 -0.0793  0.0007
-0.6346  0.3430  0.6926
 0.2071 -0.3934 -0.8957
 0.3443  0.3119  0.8856
-0.6478  0.6882  0.3267
 0.1864  0.9545  0.2330
-0.9640 -0.0927 -0.2492
 0.6976 -0.6869 -0.2039
 0.9536 -0.0604  0.2950
-0.5437  0.4349  0.7178
 0.3138 -0.9033 -0.2925
 0.7772 -0.0466  0.6275
-0.3416 -0.5813 -0.7385
-0.9825 -0.1424 -0.1200
 0.2487  0.7922  0.5573
 0.8623  0.4967  0.0988
-0.2295  0.0820  0.9699
-0.5447  0.4854 -0.6839
-0.2830  0.6875  0.6688
-0.5477  0.2951  0.7829
 0.4349  0.8077 -0.3981
-0.7762 -0.3380 -0.5322
-0.3818 -0.9238  0.0283
-0.0660 -0.6406 -0.7650
-0.5441  0.6623 -0.5150
-0.4744 -0.8485  0.2345
-0.2613 -0.9368  0.2326
-0.9675  0.0832  0.2388
-0.5119 -0.4117 -0.7539
 0.4561  0.4903 -0.7427
 0.2098 -0.6040 -0.7689
 0.6324 -0.7658 -0.1169
 0.5541 -0.4710  0.6864
-0.2546 -0.6971  0.6703
 0.5309 -0.7593 -0.3764
 0.5382  0.6173  0.5738
-0.0307  0.8055 -0.5918
-0.7923  0.5862  0.1691
-0.6400 -0.5370 -0.5495
 0.0204 -0.1257 -0.9919
 0.8915 -0.2891  0.3488
 0.6102 -0.2201  0.7611
 0.5379  0.2397 -0.8082
 0.8100  0.5863  0.0074
 0.1456 -0.3307  0.9324
-0.6530  0.0706 -0.7540
-0.9221  0.3726  0.1041
 0.2544 -0.0524 -0.9657
 0.0920 -0.9057 -0.4139
 0.5890  0.3235  0.7406
 0.8850  0.4331 -0.1707
-0.9496  0.3130 -0.0174
-0.2279  0.9736 -0.0139
-0.4221 -0.7563  0.4998
 0.8187  0.5276  0.2265
-0.7366 -0.4692 -0.4871
-0.1371  0.3302  0.9339
-0.4687 -0.0273  0.8829
-0.4574  0.1088  0.8826
-0.3003  0.9461  0.1214
-0.7718  0.5033  0.3885
 0.8332 -0.4992 -0.2378
-0.7224  0.6701 -0.1707
 0.6261  0.5308  0.5711
-0.8136 -0.5753 -0.0842
-0.0985  0.7261 -0.6805
 0.9513 -0.0628 -0.3017
-0.2871 -0.5176  0.8060
 0.7791 -0.1866  0.5984
-0.0024 -0.5496 -0.8354
 0.3785 -0.6450  0.6638
-0.7718 -0.4438  0.4555
 0.0403  0.9987 -0.0321
-0.5215  0.5582  0.6454
 0.6534 -0.7569  0.0159
 0.2976 -0.6648 -0.6852
 0.1279  0.4654 -0.8758
-0.8803  0.1011  0.4635
-0.4493  0.2409  0.8603
-0.0446  0.9949  0.0900
-0.8771 -0.0359  0.4790
 0.4304  0.2048  0.8791
 0.1275  0.9817 -0.1415
 0.4718  0.8411 -0.2644