0.4697  0.7087  0.5264
-0.8771  0.1490 -0.4566
 0.7307 -0.4845  0.4811
 0.9955 -0.0722  0.0616
-0.5260 -0.0180 -0.8503
-0.6753 -0.4849 -0.5557
-0.5520  0.4886  0.6757
-0.2729 -0.8943 -0.3545
-0.4728  0.7402  0.4781
-0.9954 -0.0959  0.0068
-0.6487 -0.7604  0.0320
 0.4476  0.7714 -0.4524
-0.2138  0.7206  0.6596
 0.9116 -0.2313 -0.3399
 0.0527 -0.8458 -0.5310
 0.2337 -0.5155  0.8244
 0.2625  0.1220  0.9572
 0.6092 -0.0996  0.7867
 0.2446  0.7140  0.6561
-0.4775 -0.2188 -0.8510
-0.2770 -0.2885 -0.9166
-0.7928  0.3546  0.4956
 0.1163  0.3266  0.9380
-0.0246 -0.7229 -0.6906
 0.0538 -0.9845 -0.1670
-0.9085 -0.4142 -0.0551
 0.8875  0.3742 -0.2688
-0.8902 -0.4197 -0.1771
 0.3372  0.6354  0.6947
 0.8513 -0.2641  0.4534
-0.3187  0.8617 -0.3948
-0.0457  0.9721  0.2299
 0.7168  0.2331  0.6571
-0.0407 -0.2107  0.9767
-0.6349 -0.0423 -0.7714
 0.7640  0.2967  0.5730
-0.3569  0.7951 -0.4903
 0.1376  0.1133  0.9840
-0.0653 -0.6136  0.7869
-0.3476  0.5801  0.7366
-0.0952  0.9334  0.3459
-0.4849 -0.7466  0.4554
 0.7826  0.4893  0.3849
-0.4550  0.4924  0.7420
-0.0683  0.7361 -0.6735
-0.2393 -0.4559  0.8573
 0.5343 -0.5396 -0.6506
-0.0040 -0.6310 -0.7758
 0.7676  0.4672 -0.4388
-0.0590 -0.9702 -0.2351
-0.2809 -0.6621  0.6948
-0.0879  0.9957  0.0289
-0.8588 -0.4178 -0.2965
 0.9016  0.2543 -0.3498
 0.9688  0.1216  0.2158
-0.8013  0.4435  0.4015
 0.3592 -0.1147 -0.9262
 0.0128  0.3721 -0.9281
-0.6986  0.4832 -0.5278
 0.3096  0.2349  0.9214
-0.9725 -0.0240  0.2318
 0.3715 -0.8882  0.2704
 0.0523 -0.9391  0.3398
-0.4823 -0.6719  0.5621
 0.9843 -0.1753 -0.0178
-0.8326  0.3701 -0.4120
 0.8656 -0.2028 -0.4579
 0.2667  0.9588 -0.0981
-0.1740 -0.6433  0.7456
 0.7482 -0.1875  0.6364
 0.7419 -0.6613 -0.1108
-0.4851  0.0995 -0.8688
-0.9638 -0.0969 -0.2486
-0.2522  0.3039  0.9187
 0.6362  0.7401 -0.2180
 0.0162  0.6670 -0.7449
 0.3453  0.8996  0.2674
 0.8518  0.2519 -0.4594
-0.9284 -0.2042 -0.3106
 0.0494 -0.7545  0.6544
 0.7713  0.1392  0.6210
-0.9260 -0.0883 -0.3670
 0.8573 -0.4604 -0.2303
-0.9985  0.0036 -0.0544
-0.6481  0.4761  0.5944
-0.7284 -0.0536 -0.6831
-0.7992 -0.3496  0.4889
-0.7238 -0.0530  0.6880
-0.0574 -0.8762 -0.4786
-0.7745  0.2578  0.5777
 0.6925  0.4212  0.5857
-0.1831 -0.3772 -0.9079
-0.3874 -0.7530  0.5319
-0.8086 -0.0656 -0.5847
-0.9280  0.1374 -0.3462
-0.9112 -0.4063  0.0684
 0.0473 -0.3044 -0.9514
 0.9766 -0.1865  0.1067
 0.4571 -0.0356 -0.8887
 0.1011  0.9915  0.0821
 0.8909  0.1932  0.4110
-0.1957  0.1956  0.9610
 0.6936  0.6563 -0.2970
 0.4657 -0.3986 -0.7901
-0.3225 -0.3627  0.8743
 0.5529 -0.7497 -0.3637
-0.1224 -0.6632 -0.7384
 0.1648 -0.9741  0.1548
 0.4547 -0.5257  0.7189
 0.8227  0.0469  0.5665
 0.8746  0.4808  0.0616
 0.9351  0.2132  0.2831
 0.6655 -0.7446 -0.0511
 0.1726 -0.8054 -0.5671
-0.8796  0.4644  0.1032
-0.1446  0.5406 -0.8287
-0.9092  0.2030  0.3635
 0.8692  0.4611  0.1786
-0.2216 -0.5937 -0.7736
-0.1339 -0.1303 -0.9824
 0.7754  0.2802 -0.5658
 0.3318  0.3134 -0.8898
 0.0434 -0.5758  0.8165
-0.8754 -0.3992  0.2727
-0.5659 -0.8145  0.1278
-0.0997 -0.0017 -0.9950
 0.3472 -0.5252  0.7769
 0.5566  0.2715 -0.7852
-0.5543  0.7373  0.3861
 0.6554 -0.2286 -0.7198
 0.0970  0.5877 -0.8033
 0.0486 -0.8276  0.5592
-0.6935  0.0611 -0.7179
 0.1650 -0.9812 -0.0999
 0.7328  0.6319  0.2524
 0.6522  0.0126  0.7579
-0.7646  0.4799 -0.4302
-0.4496  0.8917  0.0529
-0.6256  0.3836  0.6793
-0.0662  0.1258 -0.9898
-0.3787  0.9117  0.1593
 0.1352 -0.4867 -0.8630
 0.3914  0.1990 -0.8985
-0.1038  0.6453 -0.7568
 0.8021 -0.2890 -0.5226
 0.3622  0.7140  0.5992
-0.1189  0.6706  0.7322
-0.6784  0.5820 -0.4484
 0.1171  0.9048  0.4095
-0.7521 -0.1672 -0.6375
 0.4695 -0.8221  0.3220
-0.9088  0.0302 -0.4161
-0.4479 -0.6230 -0.6412
 0.3459  0.5863 -0.7326
-0.0098  0.9933  0.1148
-0.8206  0.1421  0.5536
-0.0486 -0.2208 -0.9741
-0.6335 -0.0526  0.7719
-0.9833 -0.1128  0.1429
 0.6428  0.6081  0.4658
-0.4596 -0.8152 -0.3525
-0.4894  0.0674  0.8694
-0.9780  0.1781  0.1086
 0.1918 -0.4128  0.8904
 0.3734  0.8491  0.3737
 0.3310  0.8048 -0.4927
-0.9111  0.0167  0.4119
 0.1174 -0.5899 -0.7989
 0.7092 -0.6521  0.2679
-0.9171 -0.3157 -0.2435
 0.1386  0.6767 -0.7231
-0.8838 -0.1944 -0.4255
-0.1302  0.8802  0.4564
-0.7330 -0.6548  0.1840
-0.1629 -0.9633  0.2134
-0.4672 -0.1561  0.8702
-0.8621 -0.5061  0.0246
-0.5384  0.4660 -0.7021
 0.2230  0.9507 -0.2154
 0.3774 -0.7854 -0.4907
-0.4117  0.0134 -0.9112
-0.5661  0.8081 -0.1630
-0.6902 -0.7005 -0.1816
 0.3075  0.5458  0.7794
-0.3355 -0.6133 -0.7151
 0.4487 -0.5093 -0.7343
 0.4825 -0.8745 -0.0490
-0.2490 -0.1671 -0.9540
-0.5636  0.5737  0.5944
-0.7537  0.6418 -0.1418
-0.3565 -0.9322 -0.0633
 0.6268  0.2358  0.7426
 0.4628  0.8734 -0.1518
 0.1615 -0.9026  0.3990
-0.8200  0.4702 -0.3265
 0.2542 -0.4290 -0.8668
 0.7121  0.5089  0.4837
 0.9138 -0.3715 -0.1641
-0.6602 -0.6385  0.3955
 0.9554  0.2462  0.1631
 0.3308  0.9324  0.1458
-0.2745 -0.9244  0.2648
 0.5543 -0.4312 -0.7119
 0.4236  0.8651 -0.2685
-0.1522  0.9428 -0.2966
 0.5442  0.7057 -0.4537
-0.9514  0.3004  0.0675
 0.5972 -0.6682 -0.4437
-0.3327  0.5733 -0.7487
-0.8152 -0.4083 -0.4108
 0.7333  0.5630 -0.3812
 0.7026 -0.6176 -0.3536
-0.5280  0.3879  0.7555
 0.5529  0.0118  0.8331
 0.5854 -0.7359  0.3402
 0.0390  0.4231  0.9052
-0.9754 -0.2100 -0.0665
-0.3751 -0.9081  0.1862
-0.1837  0.0874 -0.9791
-0.8584  0.3292  0.3935
-0.7758 -0.6138 -0.1463
-0.0516 -0.9929 -0.1071
-0.2839 -0.2470  0.9265
 0.2216  0.5926 -0.7744
-0.1051  0.3413 -0.9341
-0.1714  0.9822 -0.0771
 0.0560  0.1539 -0.9865
-0.3323 -0.0762 -0.9401
 0.2767 -0.7835  0.5563
-0.0647 -0.8591  0.5078
 0.4976  0.4504  0.7413
-0.6278 -0.3843  0.6769
-0.8163  0.5703  0.0922
 0.0214  0.0373 -0.9991
-0.3753  0.0763  0.9237
-0.8601  0.4164  0.2946
-0.1527 -0.8286 -0.5386
 0.8125 -0.5811 -0.0454
-0.4476 -0.1053 -0.8880
-0.5233  0.5678 -0.6354
 0.5626  0.6982  0.4426
-0.5757 -0.7286  0.3711
 0.9423 -0.2987  0.1512
 0.2703 -0.9386  0.2146
 0.2166 -0.2094  0.9536
 0.9118 -0.3082  0.2714
 0.2662 -0.9225 -0.2795
-0.3349  0.6718  0.6607
-0.4831 -0.8065  0.3409
-0.3897 -0.3119 -0.8665
-0.6585 -0.5642  0.4981
-0.7405  0.5759 -0.3464
 0.9557  0.2829 -0.0809
-0.2806 -0.8803  0.3826
 0.9231  0.3843 -0.0104
 0.8932 -0.3466 -0.2864
-0.3352  0.9411  0.0453
-0.5681  0.6593  0.4926
 0.6648  0.3384  0.6660
 0.1494  0.7864  0.5993
-0.7383 -0.5020 -0.4505
 0.7922 -0.0738  0.6058
-0.9466  0.3152 -0.0680
 0.1493 -0.8735 -0.4633
 0.1835  0.9830 -0.0093
-0.4056 -0.4223 -0.8106
 0.5673 -0.3161 -0.7604
 0.0575 -0.9942  0.0911
-0.9869 -0.1024 -0.1244
-0.5000  0.6603 -0.5604
-0.4252 -0.0389  0.9042
 0.2104  0.9703  0.1190
 0.9717  0.0713 -0.2253
-0.5263  0.8033  0.2788
 0.1053  0.9613 -0.2547
 0.7302 -0.6420 -0.2337
 0.6614 -0.6517  0.3712
 0.1506 -0.3758 -0.9144
 0.6419 -0.7036 -0.3048
 0.0025  0.6982  0.7159
 0.5557 -0.5178  0.6504
-0.9462  0.2679  0.1813
 0.6026  0.6127 -0.5114
 0.0962 -0.6847 -0.7225
 0.5281  0.5434  0.6526
-0.2360 -0.6864 -0.6878
 0.6015  0.1459 -0.7855
 0.4955 -0.7202 -0.4855
-0.7162  0.3699  0.5918
 0.3760  0.8452 -0.3799
-0.3008  0.0519 -0.9523
-0.1880  0.7094 -0.6793
 0.3793 -0.9251  0.0167
-0.9626  0.2250 -0.1507
 0.2773 -0.1002  0.9555
-0.9462  0.0733  0.3152
 0.7878 -0.5749  0.2213
-0.0662 -0.9321 -0.3561
 0.5558 -0.7943  0.2452
 0.1320  0.3969 -0.9083
-0.5856 -0.2418 -0.7737
 0.2928 -0.7550 -0.5868
 0.1818  0.9230 -0.3392
-0.7404 -0.5362  0.4053
-0.0808  0.4018  0.9122
 0.9125 -0.3997  0.0868
-0.1372  0.9803  0.1419
-0.8641  0.4540 -0.2172
 0.6496 -0.1069 -0.7528
-0.4697 -0.8776  0.0957
-0.0681 -0.3439 -0.9365
-0.0314 -0.4995  0.8657
-0.4162  0.6264 -0.6591
 0.1031 -0.0491 -0.9935
-0.1996 -0.4892 -0.8490
 0.2368  0.3388  0.9106
 0.6506 -0.3472 -0.6754
-0.5599 -0.7597 -0.3306
-0.0071  0.3094  0.9509
 0.1650 -0.9859  0.0266
-0.9779  0.2085 -0.0178
 0.8201  0.1636 -0.5483
 0.5979  0.4441  0.6673
-0.6512  0.5667  0.5048
 0.8099  0.5671  0.1500
-0.0539 -0.0046  0.9985
 0.4396  0.8800  0.1799
 0.9419 -0.2561 -0.2175
 0.9844  0.1489  0.0939
 0.8311 -0.4798  0.2813
 0.4184  0.0881 -0.9040
-0.1195 -0.4320  0.8939
 0.2657 -0.6163  0.7413
 0.2444  0.9031  0.3530
 0.3827  0.6602 -0.6463
-0.6585 -0.6986  0.2798
-0.2486  0.8470  0.4699
-0.6264  0.7239  0.2890
-0.7365 -0.6046  0.3034
 0.8540 -0.4989  0.1477
-0.8135 -0.4955  0.3046
 0.6084 -0.5666 -0.5556
 0.8560  0.4263  0.2924
 0.3786  0.7835  0.4927
-0.8498 -0.5174 -0.1009
 0.2711 -0.9586  0.0872
-0.9778 -0.2024  0.0547
-0.0165 -0.0909 -0.9957
 0.0253  0.9462  0.3226
-0.4849 -0.7506 -0.4487
-0.6054 -0.4554 -0.6528
 0.6665 -0.5814  0.4667
 0.8891  0.3002  0.3456
 0.1552 -0.6007  0.7843
 0.9230  0.3684  0.1110
 0.0534  0.7513 -0.6578
 0.5288  0.2384  0.8146
-0.8256 -0.1811 -0.5344
-0.6468  0.1714  0.7432
 0.4510 -0.7968 -0.4021
-0.6903  0.0596  0.7211
 0.4253 -0.4265  0.7983
-0.8694 -0.3232  0.3737
 0.2683  0.7850  0.5584
 0.5584  0.7622  0.3275
-0.3865 -0.8198  0.4226
 0.4962  0.7950 -0.3488
-0.7147 -0.6968 -0.0615
 0.8071 -0.5654 -0.1703
-0.1856 -0.0158  0.9825
 0.5787 -0.8155  0.0059
 0.4133  0.7244 -0.5517
 0.1581  0.4373  0.8853
 0.4092 -0.7038 -0.5808
 0.8294  0.1800  0.5289
 0.0324 -0.3047  0.9519
 0.0327 -0.4212 -0.9064
 0.5721 -0.8103  0.1270
-0.2802  0.7710  0.5719
 0.6482 -0.7323  0.2089
-0.3104 -0.5122 -0.8008
-0.5565  0.8286  0.0611
 0.7442  0.0228  0.6675
 0.3547 -0.4720 -0.8071
-0.3370  0.2630 -0.9040
 0.3899  0.4509  0.8029
 0.4719  0.7790  0.4129
 0.2107  0.0105  0.9775
-0.0430 -0.8043 -0.5927
 0.5530  0.6235  0.5527
-0.8298  0.2654 -0.4910
 0.0985  0.6237  0.7754
-0.1772 -0.7340  0.6557
 0.9539 -0.1395 -0.2657
 0.6242  0.7720  0.1199
-0.4794  0.6581  0.5806
 0.2522 -0.8846 -0.3923
-0.6896 -0.3720 -0.6213
-0.3870  0.7243  0.5706
-0.0708  0.9177 -0.3909
-0.2753  0.9155 -0.2935
 0.3377 -0.2096  0.9176
 0.7219  0.4164 -0.5527
 0.2702 -0.8284 -0.4907
 0.4227  0.2382  0.8744
 0.8821  0.0818  0.4638
 0.3734 -0.8413  0.3909
-0.7412  0.6664  0.0806
 0.0200 -0.1030  0.9945
 0.6819  0.5263 -0.5079
-0.8672 -0.4706  0.1628
 0.3601 -0.8601 -0.3613
 0.0285  0.9856 -0.1667
 0.7396  0.1960 -0.6439
 0.4616  0.8372  0.2934
-0.5953  0.7839  0.1766
-0.1395  0.3065  0.9416
-0.2617  0.5031 -0.8237
 0.8316 -0.4312 -0.3500
 0.9526 -0.1975  0.2316
-0.6542  0.7531  0.0702
 0.2705 -0.8491  0.4536
 0.7343 -0.2584 -0.6277
 0.2767  0.0918 -0.9565
 0.0878  0.9756  0.2011
 0.0625  0.8498  0.5234
-0.2267  0.9558 -0.1873
-0.7871 -0.5149 -0.3395
 0.1711  0.1801 -0.9687
 0.7291  0.6602 -0.1806
-0.0253  0.5697 -0.8214
 0.3476  0.0012 -0.9376
 0.2837  0.2051 -0.9367
-0.5103 -0.4327 -0.7432
 0.0374 -0.4114  0.9107
-0.8507  0.0408 -0.5241
 0.8919 -0.1364  0.4312
 0.9928  0.0603 -0.1038
-0.7260  0.5524  0.4096
 0.6385  0.4499 -0.6244
 0.9897  0.0277  0.1407
-0.7591  0.2711 -0.5919
-0.5032 -0.2726  0.8200
 0.4638  0.3477  0.8149
-0.6875  0.2752  0.6720
-0.2839 -0.8215  0.4945
-0.0538  0.8360  0.5460
-0.0614  0.5053  0.8608
 0.0149 -0.5306 -0.8475
 0.4510 -0.2120  0.8670
 0.6274  0.5280  0.5724
 0.5919  0.1248  0.7963
 0.0450 -0.9555 -0.2914
-0.2664 -0.9533  0.1423
-0.8035 -0.5577  0.2083
-0.2181 -0.0395 -0.9751
 0.2407 -0.0368 -0.9699
-0.2600 -0.9587 -0.1155
 0.5959  0.7288 -0.3372
-0.7581 -0.3941 -0.5196
 0.8181  0.4738 -0.3260
-0.9102 -0.1879  0.3690
 0.9856  0.1671 -0.0269
 0.9964 -0.0580 -0.0619
-0.9206 -0.2758  0.2764
 0.3821  0.4081 -0.8291
-0.5460  0.7502 -0.3729
 0.9195 -0.0136  0.3928
-0.7915  0.5624 -0.2392
-0.9532  0.0189 -0.3018
 0.3796  0.1250  0.9167
-0.1687  0.8091  0.5630
 0.1485 -0.9270 -0.3443
 0.7422 -0.6700  0.0149
 0.0747 -0.7703 -0.6332
-0.0227  0.6068  0.7946
 0.8558 -0.3188 -0.4074
 0.7339 -0.6639  0.1439
 0.3878 -0.3202  0.8644
 0.0468 -0.6706  0.7403
-0.5750 -0.6609  0.4824
 0.7869 -0.4014 -0.4687
 0.6594 -0.7304 -0.1781
-0.7009 -0.6047 -0.3783
 0.9428 -0.1073  0.3156
 0.0798  0.0048  0.9968
-0.5970  0.0691 -0.7992
-0.8745 -0.0768 -0.4789
 0.3836  0.9213 -0.0639
-0.0654  0.4603 -0.8853
 0.9450  0.1845 -0.2701
-0.2604  0.9535  0.1518
-0.7765  0.0533  0.6278
-0.5326 -0.3843  0.7541
 0.5010  0.1765 -0.8473
 0.0052  0.1050  0.9945
 0.5709  0.8119 -0.1219
-0.4986 -0.3282 -0.8023
 0.8892 -0.4044  0.2139
-0.5524  0.1828 -0.8133
-0.2553  0.0851  0.9631
-0.5122 -0.5328 -0.6736
 0.8011  0.5354  0.2676
 0.0914  0.8230 -0.5606
-0.4493  0.5913  0.6697
-0.9804  0.0815  0.1794
 0.6863  0.1241  0.7167
-0.2369  0.6291  0.7404
 0.8750  0.4782 -0.0762
 0.5769  0.5483 -0.6054
-0.6954  0.3776 -0.6114
 0.7211  0.5867  0.3685
 0.5191 -0.6396 -0.5670
 0.2730 -0.9486 -0.1604
 0.4965 -0.3210  0.8065
 0.7578 -0.5091 -0.4081
 0.6939 -0.3014  0.6539
-0.5211 -0.8445 -0.1234
-0.4149 -0.5278 -0.7411
 0.8096  0.5707 -0.1373
 0.6905  0.7228  0.0261
 0.6712 -0.5815 -0.4597
-0.4035 -0.8997 -0.1663
 0.2752 -0.1920 -0.9420
-0.4483  0.8107  0.3765
-0.2963 -0.4033 -0.8658
-0.4234  0.3846  0.8203
-0.0085  0.9002  0.4354
 0.0413 -0.9097 -0.4132
-0.6567 -0.6921 -0.2996
 0.6471  0.6770  0.3507
-0.5948 -0.7752 -0.2128
-0.9956 -0.0048  0.0937
 0.3001  0.9536  0.0263
-0.2856 -0.9310 -0.2272
 0.5773 -0.8081 -0.1174
-0.1744 -0.8763  0.4492
 0.3724 -0.9171  0.1420
-0.5552  0.2921 -0.7788
 0.4811 -0.6971  0.5316
 0.5019  0.6509 -0.5696
-0.2070 -0.3445  0.9157
 0.0289  0.7791  0.6262
 0.1633 -0.2594 -0.9519
-0.4159  0.8684  0.2700
 0.3467  0.9195 -0.1852
 0.8696 -0.4934  0.0195
-0.3647 -0.8340 -0.4142
 0.7056 -0.0901  0.7029
 0.4269  0.4968 -0.7556
 0.3013  0.9048 -0.3008
-0.6826 -0.2630 -0.6818
-0.9568 -0.2437  0.1588
 0.6017  0.3628 -0.7116
 0.2193 -0.6356 -0.7402
 0.1807 -0.1359 -0.9741
 0.4678 -0.8350 -0.2896
 0.0540  0.4865 -0.8720
 0.8054 -0.1714 -0.5675
-0.9547 -0.1570  0.2527
 0.7680  0.3988  0.5012
 0.1426  0.9435  0.2990
-0.7789  0.0499 -0.6252
 0.8488  0.0441 -0.5268
-0.2973  0.3977  0.8680
-0.7336 -0.4593  0.5008
 0.2569  0.8708 -0.4192
 0.1240  0.7105  0.6927
-0.5130  0.8566 -0.0557
-0.3173  0.1902  0.9291
 0.2679 -0.3144 -0.9107
-0.3504 -0.4742  0.8077
 0.9153 -0.1135 -0.3864
-0.2382  0.8337 -0.4981
 0.7250 -0.3725 -0.5793
 0.2191  0.6316  0.7437
-0.3563 -0.1447  0.9231
-0.1505 -0.5387  0.8289
 0.8281 -0.1692  0.5344
-0.8873  0.2555 -0.3840
-0.2447  0.5226  0.8167
-0.9654  0.1246 -0.2290
-0.0656 -0.7896  0.6101
-0.3528  0.4808  0.8027
 0.1753  0.7545 -0.6324
 0.6419  0.7285  0.2395
-0.5783 -0.5679 -0.5857
 0.0660 -0.1804 -0.9814
-0.1459  0.2168 -0.9653
 0.0910  0.2784 -0.9561
-0.5566 -0.8308  0.0026
 0.9509 -0.0217 -0.3086
-0.1830  0.4268 -0.8857
 0.9987  0.0469  0.0178
-0.5443 -0.6575 -0.5209
-0.1265  0.0947  0.9874
-0.7073  0.7059 -0.0374
 0.3745 -0.8972 -0.2341
-0.4776 -0.8505  0.2204
 0.4163  0.9074  0.0572
-0.1548 -0.9869 -0.0447
-0.0494 -0.9985  0.0246
 0.8706 -0.4803 -0.1063
-0.7702  0.6059  0.1990
-0.7301  0.4640  0.5016
-0.5470  0.1729  0.8191
-0.4554  0.2317 -0.8596
-0.3790  0.1431 -0.9143
-0.6013 -0.3497 -0.7185
 0.1897  0.2263  0.9554
-0.7638 -0.2800 -0.5816
 0.3389 -0.5766 -0.7435
 0.1536 -0.0969  0.9834
-0.9085  0.3019  0.2890
-0.7769 -0.2647  0.5712
 0.1616 -0.6944  0.7012
 0.5571 -0.0723 -0.8273
-0.3766  0.4566 -0.8060
 0.6536  0.2390 -0.7181
 0.1479 -0.3168  0.9369
-0.9172  0.3980  0.0173
-0.1756  0.9514  0.2531
 0.4494  0.6335  0.6299
-0.5702 -0.1639  0.8050
 0.4896  0.1260  0.8628
 0.0558 -0.9743  0.2184
 0.3734 -0.6209  0.6892
-0.4576 -0.8886 -0.0312
-0.3643 -0.1966 -0.9103
 0.4958  0.8678 -0.0321
 0.7187 -0.3949  0.5723
 0.9339  0.1010  0.3431
-0.1696 -0.9271  0.3343
 0.1777  0.8514  0.4935
 0.6486 -0.5027  0.5715
-0.3662 -0.9284  0.0629
-0.6649  0.7310 -0.1533
-0.6648 -0.1663  0.7283
-0.8287 -0.1566  0.5373
-0.2985  0.9175  0.2630
 0.1635 -0.9460  0.2799
 0.9327  0.0990 -0.3467
 0.4788 -0.8612 -0.1705
 0.2087  0.3031 -0.9298
-0.3043  0.6728 -0.6743
-0.8548 -0.2404  0.4600
-0.1613 -0.9711 -0.1760
 0.0937 -0.2016  0.9750
-0.0926  0.7573  0.6464
 0.6294 -0.4118  0.6591
-0.4038  0.9126 -0.0635
 0.6571 -0.2032  0.7259
 0.7046 -0.4798 -0.5229
 0.0102  0.8776 -0.4792
-0.3087 -0.0294  0.9507
-0.4349  0.8146 -0.3837
-0.7378  0.1647  0.6546
-0.7950 -0.6060 -0.0268
-0.9589 -0.2100 -0.1907
 0.8511  0.3643 -0.3780
-0.0663 -0.7082  0.7029
 0.4964  0.3880 -0.7765
 0.6337 -0.4598 -0.6220
 0.3318  0.0116  0.9433
 0.5990 -0.3147  0.7363
-0.0513 -0.9867  0.1545
-0.6541 -0.7401  0.1563
-0.4900 -0.8388 -0.2374
 0.7971 -0.3710  0.4765
 0.5756 -0.6790  0.4557
-0.0225  0.9592 -0.2819
 0.1557  0.0601 -0.9860
-0.6889  0.7003  0.1870
-0.9073  0.3805  0.1788
 0.4486  0.2964 -0.8432
 0.9124  0.3843 -0.1411
 0.3844 -0.7792  0.4950
-0.8831  0.3577 -0.3035
-0.9516  0.1736  0.2537
-0.3840 -0.6718  0.6334
 0.7539  0.6541 -0.0605
-0.9506 -0.3100  0.0177
 0.9618  0.2705  0.0423
-0.8052 -0.0571  0.5903
-0.7363  0.1647 -0.6564
 0.2559  0.4092 -0.8758
 0.0566  0.9271 -0.3706
-0.4589  0.8718 -0.1716
-0.4554 -0.4850  0.7465
 0.7786 -0.2815  0.5608
-0.7893  0.6135 -0.0261
-0.7889  0.5304  0.3104
-0.1768 -0.8116  0.5568
 0.1772  0.5010 -0.8471
-0.1136 -0.1146  0.9869
-0.3770 -0.8808 -0.2865
-0.9212  0.3400 -0.1892
-0.4887  0.3930 -0.7789
 0.5371  0.8092 -0.2380
 0.1126 -0.4922  0.8632
-0.4706  0.7429 -0.4761
-0.5794  0.6707 -0.4632
 0.5664 -0.1954 -0.8007
 0.9783 -0.0860  0.1883
 0.4872 -0.7635  0.4239
 0.8857  0.1402 -0.4426
-0.3441 -0.6994 -0.6264
-0.7069  0.6603 -0.2538
 0.2722 -0.3156  0.9090
 0.7873 -0.5428 -0.2925
-0.5723 -0.7804  0.2518
-0.8403  0.5007  0.2078
 0.6942  0.3287 -0.6404
 0.2693 -0.9017  0.3382
 0.3802 -0.9185 -0.1085
-0.3630  0.8026  0.4733
 0.9630  0.0071  0.2693
 0.8633 -0.0452  0.5027
 0.7982 -0.4596  0.3894
-0.5685 -0.5801  0.5833
 0.1617 -0.8452  0.5094
 0.7988  0.3598 -0.4821
-0.1852  0.4376  0.8799
 0.6631 -0.7444  0.0783
-0.2368 -0.1326  0.9625
 0.8598 -0.3606  0.3614
-0.8595  0.5110 -0.0129
-0.3451  0.9212 -0.1798
-0.7133  0.6326  0.3016
 0.6919  0.1074 -0.7139
-0.3931  0.8744 -0.2845
 0.3694 -0.3601 -0.8566
-0.2527 -0.7702 -0.5856
 0.9052  0.0078 -0.4250
-0.2634 -0.5629  0.7834
-0.3727  0.2905  0.8813
 0.8055 -0.5867  0.0834
 0.9564 -0.2765 -0.0943
 0.9206 -0.3886 -0.0390
 0.2352  0.9446  0.2290
-0.3708 -0.5779  0.7271
-0.7166 -0.3740  0.5887
-0.6482 -0.5872 -0.4847
 0.2129  0.8201 -0.5311
-0.8540  0.0221  0.5197
 0.1602 -0.9613 -0.2240
-0.3345  0.8665  0.3705
-0.4449 -0.7030 -0.5548
 0.9125  0.3390  0.2288
 0.4679 -0.1581 -0.8695
-0.2620  0.1770 -0.9487
 0.3131 -0.4222  0.8507
 0.8269  0.5623 -0.0074
-0.6235 -0.7762 -0.0933
-0.2584 -0.8402 -0.4767
 0.1878  0.5391  0.8210
 0.4691  0.5773 -0.6683
 0.4769 -0.6162  0.6268
 0.2760  0.4466  0.8511
 0.3797 -0.7065  0.5972
-0.1975  0.8951 -0.3998
 0.7787  0.5707 -0.2606
-0.1627 -0.2578 -0.9524
-0.0564 -0.9587  0.2788
-0.9880  0.1153 -0.1032
 0.1960 -0.7252 -0.6601
-0.5950  0.0612  0.8014
-0.5603 -0.1311 -0.8178
 0.0569 -0.9976 -0.0388
 0.3770 -0.2413 -0.8942
-0.8970  0.4300 -0.1027
 0.8623 -0.0825 -0.4996
 0.6496  0.6401 -0.4102
 0.4462  0.0126  0.8949
 0.1408  0.9822 -0.1240
-0.9953  0.0929  0.0274
-0.9835  0.0104 -0.1806
-0.4911  0.8548  0.1675
-0.2893  0.9546 -0.0707
 0.2728 -0.7061  0.6535
-0.1539  0.7921 -0.5907
 0.5679 -0.7871 -0.2408
-0.0316  0.8136 -0.5806
 0.8538  0.4781 -0.2060
-0.8849 -0.0949  0.4561
-0.1046 -0.5660 -0.8177
-0.8312  0.5411 -0.1276
-0.1618 -0.2339  0.9587
 0.3955 -0.0997  0.9130
 0.6670  0.7387 -0.0970
-0.6230  0.4783 -0.6189
-0.3893  0.7165 -0.5788
 0.9076 -0.2257  0.3541
 0.0646  0.2128  0.9750
-0.6111  0.7457 -0.2654
-0.6636 -0.1532 -0.7322
-0.9318  0.2415 -0.2709
-0.9387 -0.0698  0.3375
 0.4215  0.5476  0.7228
-0.9208 -0.3512  0.1695
 0.3031  0.5023 -0.8098
-0.6456  0.1773 -0.7428
 0.9567 -0.2897  0.0291
 0.5372  0.4736 -0.6980
-0.1421  0.5717  0.8081
 0.7184 -0.0163 -0.6954
-0.2166  0.9061  0.3634
-0.6076  0.3694 -0.7031
-0.2738  0.7595 -0.5901
-0.6459  0.6504  0.3998
 0.5676  0.3458  0.7472
-0.4397  0.5236 -0.7297
-0.1415 -0.7515 -0.6444
-0.2585 -0.9659  0.0159
-0.0811 -0.3328  0.9395
 0.7333 -0.1386 -0.6657
-0.8110 -0.4274  0.3994
-0.6019 -0.2774  0.7488
 0.0493 -0.8897  0.4539
 0.5749 -0.6029  0.5532
 0.5472  0.8106  0.2086
-0.1149  0.8618 -0.4941
 0.0529  0.9983 -0.0254
-0.2147  0.9759  0.0383
 0.9768 -0.1606 -0.1414
 0.5305  0.0553 -0.8459
-0.2845 -0.7486  0.5988
 0.5573 -0.2112  0.8030
-0.2223  0.3049 -0.9261
 0.8340  0.2842  0.4730
-0.8281 -0.2970 -0.4755
-0.2203  0.6135 -0.7584
-0.6059  0.5798 -0.5448
 0.3532  0.3457  0.8693
 0.3185 -0.6708 -0.6697
 0.7713  0.6333  0.0641
-0.1649 -0.8932 -0.4184
-0.3973 -0.2618  0.8795
-0.7700  0.3769 -0.5148
-0.6929 -0.2756  0.6662
-0.0497  0.9956 -0.0800
 0.7975 -0.0482 -0.6014
 0.4674 -0.8622  0.1955
 0.7473 -0.5621  0.3543
 0.5309 -0.4230  0.7343
 0.8308  0.3835  0.4033
 0.7136  0.6843  0.1503
-0.7464 -0.6111 -0.2637
 0.4787 -0.8749  0.0732
-0.6486  0.6700 -0.3611
-0.6470 -0.4801  0.5923
 0.5984  0.8012 -0.0014
-0.3616 -0.7760 -0.5168
-0.4133  0.3394 -0.8450
 0.1648 -0.7758  0.6091
 0.7763  0.0736 -0.6261
-0.4897  0.2810  0.8254
-0.2988  0.3863 -0.8726
 0.1350  0.8807 -0.4540
-0.0614 -0.9158  0.3969
-0.1758 -0.9393 -0.2946
 0.4325 -0.6126 -0.6615
-0.6148  0.7873 -0.0471
 0.4755 -0.2815 -0.8335
-0.8467  0.2395  0.4751
-0.5059  0.8175 -0.2753
-0.1033  0.9764 -0.1897
-0.5994 -0.6840 -0.4159
 0.9353  0.2846 -0.2100
-0.6731  0.2743 -0.6868
 0.9817 -0.0445 -0.1851
-0.9416 -0.3155 -0.1175
-0.8252 -0.5194 -0.2220
-0.8862  0.1253  0.4461
-0.3822 -0.8717  0.3068
-0.4356  0.1801  0.8819
-0.8071 -0.5828  0.0945
-0.8132  0.1577 -0.5602
-0.4308 -0.3768  0.8200
-0.8794 -0.3087 -0.3626
 0.2956  0.7456 -0.5973
-0.7324 -0.6780  0.0620
 0.2826  0.8481  0.4482
-0.0682  0.2049  0.9764
-0.5927  0.2811  0.7547
-0.7505 -0.1642  0.6402
 0.2612  0.6742 -0.6908
-0.1563 -0.9839  0.0871
 0.5060 -0.1009  0.8566
-0.5542 -0.4877  0.6745
 0.0648  0.5274  0.8472
-0.4725 -0.5840  0.6601
 0.5234  0.8472  0.0905
 0.2385 -0.5367 -0.8094
-0.0845 -0.4588 -0.8845
-0.0267  0.2495 -0.9680
-0.5337 -0.0478  0.8443
 0.2743 -0.9609 -0.0377
 0.6287  0.0186 -0.7775
 0.9730  0.1773 -0.1479